-1098.54183163072048
-1105.74141452710546
-1130.88939125550291
-1162.60678585067490
-1131.89763352068303
-1086.62958483719535
-1108.49402687376642
-1159.37142063210445
-1081.20894993626075
-1081.88781356025243
-1123.58509223227611
-1093.07321831802051
-1170.86616122272721
-1163.07499862645250
-1088.15265521812262
-1074.32162696339401
-1112.09646813614700
-1215.84716123353564
-1019.53831110655562
-1084.97205619219858
-1058.59215217266183
-1097.46748286802563
-1086.60992300125986
-1108.92197704676278
-1099.00101140237825
-1143.27708876907104
-1081.79244681585965
-1039.13104577248055
-1070.23296879629993
-1168.50823015016613
-1081.94874579412931
-1162.28129269407145
-1108.64067909329401
-1127.10100585047621
-1153.05781120205279
-1147.48519733824173
-1114.16931754119878
-1130.07221392956308
-1064.14322750838096
-1121.14259401203185
-1113.97366680137657
-1107.10006976187242
-1093.33970012888744
-1121.96941131097947
-1126.47277038973562
-1094.24540771841907
-1104.64416392615294
-1127.46401553101623
-1089.59524412971405
-1071.79117324981689
-1041.83017302356961
-1118.57419723822363
