1.88283264305574
1.77572849429014
1.47270285453308
1.86280333058108
1.77223410772729
1.99264486785636
1.73302889975395
1.20886123143549
1.43750809293124
1.16244360625858
1.02814174072265
1.20082946457007
1.81063700039435
1.68482189424561
1.97032729860876
1.13024394965276
1.481546324902
1.60791932726648
1.02705922537812
1.12992182659447
1.465660616041
1.5246559998601
1.74797060375473
1.81059411671506
1.48202402586212
1.57026696743922
1.01299472386623
1.30033178967439
1.34631973148618
1.29524278747628
1.76602973358986
1.22915237407626
1.07097128130075
1.23873258765728
1.09195570465734
1.84320538902805
1.23137745504797
1.82498460441129
1.05206661999788
1.66888554797922
1.98742821066986
1.08020836072052
1.86971501301495
1.79806521106421
1.76503025496613
1.84004231115805
1.92830916071698
1.24657657940247
1.44796163842453
1.9553683860951
1.37649840599694
1.91362225446553
