1049.72275410578732
1054.56217197440242
1096.12127184141650
1082.68354485431701
1134.33190845387594
1054.74067286145760
1139.65725638016966
1028.72881303442023
996.15190156481322
1137.30474851893450
1060.93179201281805
1058.24502393075704
1160.46804042568078
1058.77696135275914
1074.15725115166333
965.61395048479358
1076.22123982223297
1095.12812616475981
1081.01827551554834
1042.12571412116358
1071.29163892268048
1085.04088665539598
1139.59346866321198
1075.02004639721235
1046.92793185477922
1077.85248907519076
1138.73899486358050
1049.07699612518923
1004.58059616087576
1050.28809388903437
1081.64934844525419
1150.55176967729676
1046.30270542128164
1095.17887930882398
1025.60062953478541
1081.03005815719393
1129.20370388319770
1159.82177349129029
995.81151584226859
1057.94423123965475
1053.21775331528443
1054.18740731490266
1159.42457229071579
1061.89855889496994
1141.01135489548460
1135.29572522768672
1098.70278013317056
1100.76384453896321
1094.81826802784076
1061.61547105921068
1128.11704357081726
1019.23283258263234
