1.55937085280166
1.29401014293265
1.70422229529555
1.43653370087805
1.19496111627433
1.79473466183745
1.76165818784463
1.05128047524545
1.26174543391063
1.00040492787976
1.38762422017177
1.85322521573548
1.96336803956114
1.68601637644973
1.13944097428557
1.66354224535802
1.24678873328808
1.46671244151272
1.39617033321232
1.835971025208
1.06419199102753
1.23222358442481
1.69229583893544
1.02383532795302
1.01490738755786
1.04714062905272
1.17062705623481
1.79628836307502
1.56939094447037
1.49199538700841
1.65657487076548
1.12876179680636
1.78600552994106
1.36079716559537
1.56529549768441
1.9809666462154
1.15553182696716
1.32695368506338
1.03224712099519
1.41727726087779
1.3273586134088
1.41987134116696
1.27050247661327
1.29072665250428
1.10588771715103
1.40994345089884
1.95426889832796
1.35267645090477
1.87665589241155
1.35043923107462
1.18864747564711
1.94084788343909
