7.83181103344960
10.35323616130547
-3.85201521342713
-10.21467836465431
19.98849174472761
26.17512862539726
21.23032078167427
12.64047571318858
29.24022120727418
-4.46570266390751
9.38199365337488
-5.89985462280948
5.96832642400395
26.74257438120768
-6.58897438361204
34.20292123181090
-21.63372007102901
16.50238666525476
-20.38330700757398
12.92849189002978
1.94210069697867
1.70716916994677
17.80387271428510
7.64702234405212
14.45473222102796
17.11740273155954
27.87684083214889
19.52737705025202
-8.08807319909347
22.76229983887849
25.09968783810353
4.08574217537422
23.96578903381578
28.47231859188639
20.10489006702982
-15.27373841156886
15.57728738456716
32.93533312800393
-2.59366668156725
22.33997018606290
17.70426717851394
32.27548341397605
36.11379423623477
11.49484858411500
17.43839075474183
10.99939232797018
22.17889327330914
28.09901852832459
20.66955563040058
1.29783418284969
-9.69192549728712
39.45593335825584
