7.83181103344961
10.3532361613055
-3.85201521342725
-10.2146783646544
19.9884917447277
26.1751286253976
21.2303207816741
12.6404757131885
29.240221207274
-4.46570266390737
9.38199365337483
-5.89985462280965
5.96832642400403
26.7425743812078
-6.58897438361213
34.2029212318111
-21.6337200710291
16.5023866652547
-20.383307007574
12.9284918900296
1.94210069697871
1.70716916994693
17.8038727142853
7.64702234405221
14.4547322210281
17.1174027315594
27.8768408321493
19.5273770502524
-8.08807319909334
22.7622998388787
25.0996878381036
4.08574217537426
23.965789033816
28.4723185918864
20.1048900670299
-15.2737384115688
15.5772873845674
32.935333128004
-2.59366668156738
22.339970186063
17.7042671785142
32.2754834139763
36.1137942362352
11.4948485841151
17.4383907547419
10.9993923279702
22.1788932733093
28.0990185283248
20.6695556304009
1.29783418284985
-9.69192549728726
39.4559333582556
