1.77287486510951
1.33654704007159
1.11795811593437
1.82049693810777
1.39640116477218
1.72768282132581
1.45298984155664
1.51604434871862
1.55688703086082
1.57294449842206
1.95317509349118
1.10506119025176
1.19276960435918
1.03446012597273
1.29914950733033
1.46485505228157
1.44398573853261
1.20793748004732
1.53379236233132
1.41846089596788
1.48471919190358
1.8277750745545
1.80831946609929
1.23700650280202
1.82088802141179
1.03345699749582
1.74665889737506
1.58587745371548
1.69252738621669
1.88716133166438
1.68318512741625
1.46540225086054
1.22370837127031
1.80114324335062
1.28589918850264
1.62010953650815
1.52882606421077
1.73888903052494
1.13615388476111
1.08571309460593
1.31183352848135
1.08932897778662
1.19077428532335
1.50460313284053
1.12378910422502
1.48992379265368
1.96945818558776
1.56777484275763
1.697861272701
1.50325054745341
1.98623573872551
1.18258046413892
