1.38265338557896
1.31845814609828
1.21877868763114
1.8373996442358
1.00617646193419
1.6714135555883
1.1400442775991
1.86809419555035
1.57720832600128
1.85165107150173
1.22014925965115
1.60078149922228
1.96967327546779
1.48719221236519
1.45977125152004
1.20424758652423
1.85746710694277
1.86093973874158
1.95375640082814
1.07984745552756
1.64739017963754
1.10677987854312
1.49348043068009
1.0070049106176
1.97997068799099
1.99650561390282
1.51994201332328
1.87022556963853
1.43662712417386
1.44486322554055
1.42941470650463
1.81928050975282
1.76332137210449
1.64819339413577
1.65668015352296
1.76949783403869
1.31960694972407
1.79672443112206
1.63759202912338
1.89681527572536
1.64837550215813
1.85774128877453
1.49759677448198
1.61804877716026
1.34493350067406
1.95736802600202
1.82229636415015
1.20240060761683
1.81830776427794
1.77605276451262
1.28224806314439
1.46569794344981
