3.77141732804817
3.25911114257942
3.57161704448288
4.27750251067585
3.88088410587268
4.17887138708832
3.36174315998906
2.52106759405574
2.77240104634166
2.45425187463624
2.56640723389912
2.58034582610213
3.45548111882594
3.41625624785978
4.38321572249728
2.93338344501937
2.99237422916710
4.02702165061864
2.45236658688123
2.57755051199334
2.85548082009728
2.87691420303543
4.15815972669690
4.08835188631532
3.75007720678806
3.87682138834010
2.35195053605587
2.93710083853661
3.57243440817658
3.08698972953780
3.37344751373304
2.86823152013384
2.96778832977239
3.56675201638206
2.67011381524989
3.51355465437459
3.27000318737948
3.79404686771453
2.65630970659648
3.80459412619673
4.01048863533731
2.98490683297116
4.14712984530553
4.08765721234951
4.16335297330652
4.05472535171190
3.68592287660937
2.68010698638271
3.60612678677074
3.90047935596618
3.01984739085163
4.22379749934359
