3.77141732804817
3.25911114257942
3.57161704448287
4.27750251067585
3.88088410587268
4.17887138708831
3.36174315998906
2.52106759405574
2.77240104634166
2.45425187463623
2.56640723389911
2.58034582610214
3.45548111882594
3.41625624785977
4.38321572249728
2.93338344501937
2.9923742291671
4.02702165061863
2.45236658688123
2.57755051199334
2.85548082009728
2.87691420303544
4.1581597266969
4.08835188631532
3.75007720678805
3.8768213883401
2.35195053605586
2.93710083853661
3.57243440817657
3.0869897295378
3.37344751373304
2.86823152013385
2.96778832977239
3.56675201638206
2.67011381524988
3.51355465437458
3.27000318737948
3.79404686771452
2.65630970659647
3.80459412619672
4.01048863533731
2.98490683297117
4.14712984530552
4.08765721234951
4.16335297330651
4.0547253517119
3.68592287660936
2.68010698638271
3.60612678677073
3.90047935596617
3.01984739085164
4.22379749934359
