3.51513430568247
3.53979525002145
4.09953163969145
3.39139622564756
3.47855736798432
3.29268391838767
3.53866715215494
2.84217862582248
3.22467871984775
2.29361292605256
3.36707079332409
3.66444507682635
3.78778019785623
3.23038318795120
2.82948696622916
3.61649441686818
3.08821177913073
3.23812588509390
3.76943764094412
4.11938873569864
3.23977837589833
2.78197274432891
3.17723574937961
3.30994290846420
2.98395718705542
2.39125357273273
2.76704613390417
3.73977765552399
3.37142098603572
3.34057182001896
3.51552600554054
2.41093507562728
3.54524928928089
3.13943742914109
3.56452119426139
3.68868887599473
3.05380880518392
2.62756813032543
3.15255495998336
2.94336974427215
2.68337094938466
3.18450797203696
3.22950227928477
3.09283860489606
3.03657861764334
2.72387146424344
3.37421524153581
2.78967261654563
3.72418724181291
2.66803266638901
3.53074880989944
3.62884783695172
