3.51513430568246
3.53979525002145
4.09953163969145
3.39139622564755
3.47855736798433
3.29268391838767
3.53866715215494
2.84217862582248
3.22467871984775
2.29361292605256
3.36707079332409
3.66444507682636
3.78778019785623
3.23038318795121
2.82948696622915
3.61649441686817
3.08821177913072
3.23812588509389
3.76943764094411
4.11938873569863
3.23977837589832
2.7819727443289
3.17723574937961
3.3099429084642
2.98395718705542
2.39125357273273
2.76704613390417
3.73977765552399
3.37142098603571
3.34057182001896
3.51552600554053
2.41093507562728
3.54524928928089
3.13943742914108
3.56452119426139
3.68868887599473
3.05380880518392
2.62756813032543
3.15255495998336
2.94336974427215
2.68337094938465
3.18450797203695
3.22950227928477
3.09283860489606
3.03657861764334
2.72387146424343
3.3742152415358
2.78967261654563
3.7241872418129
2.66803266638901
3.53074880989944
3.62884783695171
