-1003.08166404998849
-1009.53147801431578
-1032.13441414022441
-1061.44461211131920
-1033.36456901977067
-992.33991315247158
-1011.99561220484543
-1057.81647036799859
-986.82298304092637
-987.15575379999575
-1025.01578893942883
-997.38914977134493
-1068.91733808006370
-1061.68631689553581
-993.70472374789699
-980.22705862265718
-1015.01721212112534
-1109.69878990314305
-930.19460225224361
-989.93268823451774
-966.24107124596355
-1001.73031097706826
-992.06768920194475
-1012.46623088760225
-1003.08353824454150
-1043.52499303318632
-986.91351220718923
-948.33391101333768
-976.72555826351515
-1066.23282260745418
-987.83862853028199
-1060.48938903163662
-1011.44114045476272
-1028.43879698301089
-1051.94123534943992
-1047.64361501464009
-1016.64622761386306
-1031.75585200785258
-970.87001033052263
-1023.45585421003250
-1017.25373907456890
-1010.04675084355483
-998.32721612432556
-1024.34361526640487
-1028.41328755598602
-999.12176611435814
-1008.69011692481797
-1028.77776824995135
-994.47645771569603
-978.77860681284051
-950.87284838739527
-1021.36958978289022
