1.4800243859552
1.12446900928601
1.72421637071493
1.96204841181731
1.69473597719089
1.73721109504682
1.26238020102604
1.04105570821141
1.03245388205743
1.02840993415025
1.27020808275333
1.10342516335818
1.26714252180752
1.36216378741067
1.94663055238623
1.4985199768555
1.1871483913563
1.9986971723841
1.16740552483471
1.17457660202616
1.07890553263896
1.037120537384
1.97264181309037
1.84393578760509
1.87716284854205
1.90095097334168
1.0905123665419
1.32512448650092
1.85631935943678
1.46701077253884
1.23874674050079
1.33634374492631
1.59147978182485
1.96296311168138
1.29839215627797
1.28621575855008
1.70017420626254
1.56077235730401
1.32727146722715
1.73262808831997
1.58918229191992
1.59747954998048
1.83605325167815
1.85632481372744
1.95964333739115
1.78268380359871
1.35484479058294
1.14679172828178
1.78138097551716
1.52225031541765
1.32136833030794
1.86028650815612
