955.01408894976680
959.70016062283310
997.14749915052550
985.17963652288358
1032.49897911644644
959.34239711197881
1036.76307810234766
936.40995151697268
906.50316414297583
1035.41040674012288
965.40763274592189
962.47519435202776
1055.51874159637191
963.13375122524451
977.71822991426416
878.25566157135745
979.48761359531272
996.48928347604624
983.70399312843278
947.80325524507725
975.18494718217164
987.54028527202331
1036.77703973881012
978.62467009587385
953.03300342877776
981.18171311469280
1036.54054336737431
954.17935225728525
913.86465840698281
955.59932286515732
984.00844823147725
1047.34929148178344
951.66176929029280
996.64562046179844
933.02492198096581
983.10691448505975
1027.86651778018836
1055.59125105572548
906.43149569490288
962.65418427201757
958.44030187528608
959.22781391906801
1055.28794646027200
966.38937999897553
1038.67868152401957
1033.15388103262808
999.24019346800867
1001.74375935343573
995.78082252243030
966.06933286402671
1026.84180172493825
926.83147639767458
