1.58266281596509
1.88094331458255
1.96468321139211
1.59757020352295
1.92808394363526
1.13531026716126
1.39385856659797
1.49747488763997
1.62730565416967
1.05043343689779
1.62623668444633
1.41331118411073
1.41123060295881
1.19153218213074
1.39427782986047
1.56676242992597
1.51848586719413
1.42652495132132
1.98403969126942
1.84584448060293
1.84639629248828
1.25454216741703
1.13657113310721
1.95228401010497
1.66448561831586
1.09084003096951
1.30496046054408
1.54114151026175
1.44127926204413
1.49360793619119
1.48198939323518
1.02394207754356
1.37455125077374
1.44667260416163
1.62151228153217
1.30263519394334
1.58198287132288
1.01537084766448
1.80011008204897
1.20928852549255
1.06580428456227
1.42634676602965
1.62259970960328
1.47703488752108
1.61787894816039
1.01687753899809
1.04379731744705
1.13636481535452
1.44340249031941
1.0278370082508
1.98220929595745
1.28979878280768
