16.11690901729715
15.29488023612636
14.69078475232245
14.29933651490644
13.60880307012590
13.83116863811077
12.75766675084152
12.34135855000335
12.96018270702804
13.42307403939637
12.59639030572412
11.89693682959100
11.76128680376814
10.73177283696674
11.47500283604728
11.07665470951807
10.72521804810120
9.71150113530444
10.39459797628077
10.32303331450948
10.37081434982994
10.12191887257070
9.60455966876482
9.91058085991851
9.81702932490501
7.91586299757290
10.15845599443290
8.82961928816830
8.67572267841818
9.26001688623921
8.25403353652986
7.51012083203221
8.29077518733558
8.67954789792332
8.27522515189800
8.08867242740857
8.13725867985773
7.60823473509819
7.44663397350988
7.73546448886846
7.37491641730692
7.57079327459203
7.81396169709326
6.67892941656840
6.70539473967790
7.40980216355957
6.64710120106017
6.40610387556953
7.02451604946570
6.19869810410187
7.22086422129206
6.00599942233930
