1.56508849540962
1.18913446748123
1.85114944253636
1.70200159060862
1.17035027834137
1.93472115785569
1.77559785627555
1.74429381207763
1.79765532575439
1.16579239404099
1.08987307459576
1.40363362683152
1.86378970456486
1.09064104877908
1.00788704259688
1.55702711760859
1.36678342817667
1.14982918936286
1.97364259044344
1.67051304861461
1.91856601690807
1.33247184256672
1.02459693934051
1.22843000443113
1.19053144156492
1.48138242516731
1.06748150338767
1.851176626911
1.54547468831086
1.34218092930605
1.46779858482433
1.11056318325482
1.53131539678728
1.31894802689503
1.81256477386344
1.70166567512865
1.25366918428506
1.58816262967333
1.44595948720628
1.05132450957379
1.75395502417998
1.53583256180204
1.45495813687097
1.61774472827918
1.62647361104678
1.46284517946786
1.17477184542211
1.99325703922345
1.61267436883071
1.14841443539989
1.66377008783807
1.53124038527312
