0.00522750807660
0.01644320186830
0.01091316418781
0.01634532045380
0.00332296964830
0.01456999343726
0.00584846429983
0.00388823704486
0.01271202306032
0.01398089999745
0.01843723182225
0.00330090721133
0.01418782097409
0.01232582300043
0.00685910800622
0.01202250979252
0.00950718098437
0.00786500507625
0.00363801053574
0.01435891752819
0.01158580104022
0.01326201340727
0.01441760195714
0.02017247550953
0.01749443062047
0.02033696086422
0.01257895437374
0.01434204449999
0.00636079962201
0.00409311614927
0.00886176704480
0.01062489457730
0.01815954084436
0.01842672535794
0.00467201136332
0.01862574049977
0.01031836310264
0.00844210361634
0.02151932056801
0.02059516615948
0.00227869730982
0.01826113723501
0.00356081126825
0.01502590231430
0.00833993486791
0.00705416846009
0.00470304717893
0.01512240392803
0.01315955311248
0.00659710944413
0.00847442062795
0.00229934417138
