1.15346537165039
1.74490987357912
1.4261640107381
1.70055726435993
1.07005092923997
1.65193817142953
1.23181780391923
1.12225639173866
1.51088352711447
1.66711289746087
1.86562653159053
1.06637883049733
1.62853292218807
1.51171768853055
1.2075461825391
1.49914263305214
1.3100407562731
1.31316706692482
1.07513390205574
1.62790538492981
1.50392993469906
1.55757229102662
1.62650506646675
1.917774387597
1.81746488707953
1.91510984763275
1.53778777063721
1.65669424722749
1.2634805847255
1.03596119630894
1.37739352620085
1.41694595637589
1.78087106988806
1.80355753693895
1.11750322027016
1.85092199912803
1.45549570836848
1.34932102418939
1.97317839133236
1.96637923548295
1.01643392165025
1.83880492245723
1.03275806551462
1.64496684383832
1.35052261052212
1.24030424805372
1.1441094764248
1.66056336679522
1.55347131497854
1.21924337848054
1.28846875125937
1.0574012496776
