1.91684720987307
1.70486912164133
1.23438262996934
1.07551177873999
1.08042372813468
1.99284406937326
1.41194253713449
1.63027840323294
1.68383225178524
1.31784769395266
1.35259136993093
1.03472742626198
1.10982673713464
1.82338341689826
1.69032100620229
1.14165382512922
1.16875101307815
1.72880036650635
1.07426772922011
1.06787746961595
1.41083503626792
1.96920717925262
1.92149566669087
1.69589799721534
1.69113821149391
1.85557693748529
1.30011555519892
1.73275591234339
1.32526803404338
1.19646596545189
1.73505264135779
1.24211524345079
1.90133508709321
1.96943527179278
1.31762702219078
1.98175881569356
1.96227934070038
1.72956955932526
1.61203721846083
1.64611159201996
1.04741725281226
1.96462858839176
1.6808390187476
1.1572439899469
1.78801200529002
1.37116002448423
1.29889781507612
1.95676301836817
1.09996039052492
1.37316554476189
1.02464048751846
1.5107954272585
