-0.74194671864063
1.08730251500015
1.31200960791733
-2.10408204036756
0.81012218371245
0.71032636279796
-0.36404007493314
-2.57021425206932
-0.42090045206123
2.98546752973058
-0.25719555199032
-0.59157961522692
0.75720133326382
-1.32386806027898
1.17253360753062
-0.23297512215203
0.48996479217033
-0.32140377420058
0.15505022347600
-1.70065589648505
1.80134197152012
-0.48675608784450
-0.90613664589819
0.13427715510463
-0.70139771767685
-0.04437207766080
1.12282875046247
0.03359309022096
1.53697174774970
1.38015114281214
0.39197132797602
1.10594927701834
-0.88745666927582
1.42750011067113
2.41863192848587
-0.69264295747200
-0.33077736224141
-1.10801871900048
0.25274763170489
-1.80364775355196
-0.02168537991361
-0.61656994861272
-1.57223547299242
0.65659787101606
-0.65766287642211
2.16737525368853
-0.39967811111813
0.59174506801514
-2.49940579199082
0.07134928396937
-1.17100758981695
1.03420006498982
