1.67940680993693
1.36405763652365
1.66214415741253
1.81055154502883
1.28390964366678
1.56995383350642
1.04165667017999
1.57692719603746
1.50240399758443
1.78355722352097
1.21231747149132
1.38099031540611
1.73215120040446
1.8812186824536
1.06128972399109
1.18755415649505
1.31638673987071
1.86857025831406
1.34623205771029
1.25287428649742
1.04494716042883
1.10951999021206
1.66011659272952
1.90804745345751
1.45917677015959
1.50039299926739
1.18744069486272
1.00723961508239
1.41981509813099
1.93054413931935
1.71833711430353
1.09922190760226
1.29460177537734
1.3804812712504
1.90977345263109
1.57851141950978
1.95043510475682
1.95143012327674
1.15543861508157
1.45283910187559
1.73498734633205
1.36775608657289
1.8338294172817
1.46713854627085
1.24897476856083
1.89511914173845
1.6546927027659
1.56536150843155
1.76368939958685
1.00092476001052
1.81823579492897
1.80863656001568
