1.34237272354885
1.94613615420933
1.20669342400818
1.03351093504276
1.80171309122895
1.50680897967276
1.76626684738615
1.12698112480667
1.70327494512465
1.50131948874393
1.36909636825747
1.6046100317522
1.47075476007106
1.68672339044824
1.5863688469801
1.43303410030577
1.41629294930785
1.19840606544093
1.07914569232573
1.46371020212011
1.16303465336703
1.75998471107333
1.62095419253267
1.95104665865705
1.1311447350919
1.91985200760879
1.90780967655955
1.23110512561682
1.29301755190502
1.93245016407801
1.74190055287532
1.63539027591953
1.87858631828734
1.94859397734916
1.66890121096228
1.68029940905063
1.45540295655625
1.43516805788277
1.80728053432297
1.15867790121524
1.93648754662671
1.17637690211478
1.76328793296744
1.4072423062321
1.86310029302868
1.34965677994753
1.84027640700353
1.27939324187087
1.54806284538846
1.91942209932926
1.74310344445664
1.71109749875548
