1.70087098223198,1.17343039632469,1.97842232975104,1.70318202101774,1.37038708262629,1.03883792275509,1.66647407071035,1.89994006226768,1.90090560489376,1.92038265611994,1.10083146723957,1.55365690847563,1.67366994064006,1.99992548394945,1.64991405962497,1.47275311754679,1.9681417662502,1.92321891240925,1.28762079043669,1.44395835997721,1.35465645340954,1.82708598106498,1.38762980624457,1.18894244366742,1.47409448794746,1.0350704416796,1.09855177444338,1.7199440401606
1.80607250416934,1.49372269562153,1.71732031447688,1.50694348593566,1.66715309194622,1.69574264376226,1.21012550695339,1.03754017457251,1.73458056698301,1.87659957766375,1.93748023684019,1.63548617141111,1.79698223378369,1.03831170407977,1.18914307942108,1.47065217395809,1.03823718756355,1.83905713951171,1.94340529150488,1.00637895334809,1.76227605145531,1.23102608147591,1.4503373133253,1.11693250439918,1.05811206207523,1.83796712003554,1.3058749480666,1.53220655002268
1.87303756171513,1.40442672297565,1.25215058971762,1.67911006541881,1.89814941859718,1.9694709041945,1.18605355135447,1.5653025105434,1.6652135474911,1.39617905830787,1.60284268511592,1.39979411400845,1.27277863550595,1.54032292149045,1.03528028541956,1.06976086882398,1.57863462557021,1.22442336484065,1.54041304278207,1.61687181359943,1.0634805038867,1.48381833382129,1.62325076694752,1.825756555342,1.71484441529719,1.07358808027282,1.94268905974118,1.77295647737242
1.91155520030835,1.24856400780779,1.30516302692944,1.78459276155783,1.65299073078343,1.55731361664707,1.46370282697664,1.55114014891495,1.52678452037591,1.64975637833111,1.11644265899269,1.19199806786701,1.04593543617331,1.71928534410861,1.59179218187546,1.31871407167926,1.25960826559905,1.62707246729502,1.3884749409689,1.83824289116927,1.85149583260133,1.92888798375097,1.45511470430303,1.91497633648802,1.41270631757225,1.07836547125055,1.74073289183003,1.12755073240378
1.15195355152337,1.68342195110555,1.90050721024187,1.06350875136606,1.93198595891333,1.20567023670565,1.84810151292388,1.58497668923111,1.76298385381838,1.31180433943486,1.13611683814606,1.28976837372862,1.96156071776597,1.25255949713875,1.48176644159563,1.00749615347362,1.97184484171301,1.07355862347109,1.32621022561854,1.23145310684641,1.70063109076611,1.71468516658744,1.06969599755001,1.55212692290178,1.64357314987274,1.5248107023187,1.4671032593898,1.05627946697934
1.60317617356925,1.20783615075417,1.18383019984878,1.75512972509262,1.89125810185972,1.08433740962499,1.81863847645868,1.82324406077305,1.29000764633064,1.6667399889169,1.40822074953849,1.05299149968335,1.97854432881742,1.54433758768455,1.34275987387763,1.94010504611773,1.79689708528896,1.82452631547327,1.94760120005701,1.76874192653631,1.89808493894436,1.27381142520989,1.00019503291705,1.59871602971047,1.98849659179733,1.06989103046706,1.15084295214659,1.63206974120441
1.59470173278577,1.61794621153639,1.68834920864941,1.19787790588936,1.82578236229056,1.87217940849819,1.95300763098197,1.71704046415027,1.95651681812318,1.77164610697499,1.54028452445766,1.24652446398815,1.43838609589189,1.94850527399616,1.29951596413716,1.41693042424364,1.49284286168071,1.6422758380148,1.35703546989571,1.289739946504,1.4668021530224,1.30463666948706,1.05848187257465,1.36488709196676,1.57844809469695,1.0586769054917,1.96360312167723,1.56694468602861
1.12856793595877,1.11444607335815,1.19901442723303,1.7232696692102,1.73239228536021,1.88736363588244,1.92114757509956,1.5581746471851,1.75954304391497,1.87415520608153,1.27521511086971,1.71605986157249,1.64580131259086,1.81549963532737,1.96258432556064,1.08418740801708,1.76400490932353,1.26210028923214,1.50111783226073,1.25684777053858,1.90437612724694,1.8581533026221,1.54658771704258,1.37117828026934,1.1627899716435,1.60506958961723,1.7360653722361,1.7412380668061
1.66374649510893,1.69966849344767,1.30818275236906,1.7923144310677,1.81411456680583,1.50719717960209,1.51558409981224,1.54650685170037,1.39456081501886,1.4367316749118,1.10468149888547,1.15410385846817,1.31088688052766,1.37989660975518,1.87016372004066,1.95668819311852,1.19539624508256,1.8327480456013,1.0408756011356,1.95940115440609,1.09484833436778,1.54199343339633,1.216248924479,1.99922446208039,1.40014673555277,1.76283664152158,1.37040274188407,1.56293670766192
1.36790623067315,1.10646811365451,1.30417477400237,1.03165272531642,1.80613660710218,1.61235752637142,1.82396715638412,1.62025117344235,1.11955470597351,1.33955125619636,1.16675802514272,1.51411552099237,1.77628293110816,1.27143952402819,1.6682193799262,1.08716981117016,1.65133613378337,1.5383830995012,1.04385800382302,1.84673237886593,1.37113114463684,1.08473360495862,1.80613353280636,1.46597947947028,1.62672703882061,1.0223824568197,1.46520394108501,1.02687377390772
1.78521909834129,1.83560668296907,1.58981048156964,1.15312532854878,1.94207479662359,1.89398525557201,1.1847780538652,1.74821140326011,1.50634278194343,1.00874521024932,1.36846257623679,1.62589748791694,1.34829646644569,1.53522060137951,1.14001300844364,1.12457939708819,1.8066601254077,1.80823238836985,1.21174920825835,1.45799625919107,1.34661548787105,1.25560721208137,1.30472863759134,1.71774663250788,1.34034081750565,1.11086217039771,1.1837261115125,1.96706785632627
1.13324462721741,1.64893005259751,1.99394163023398,1.91846372602436,1.48453673510092,1.58375211180362,1.07158905410747,1.42661153125885,1.47773736690997,1.25636710843833,1.17482293405329,1.9840801488534,1.26511231868766,1.54328551075574,1.60997763630467,1.61340878513335,1.07850611166959,1.74999064521398,1.73798818222153,1.88516623754295,1.55822303311817,1.94973739047988,1.34316249626836,1.90483852098921,1.20534460209559,1.6478911338597,1.6225851534971,1.54568541960124
1.75875330425741,1.8063112650096,1.51275327546185,1.89199793194048,1.45524131760711,1.50669490569583,1.81046165749918,1.93977805270803,1.09044701703379,1.88205071160665,1.36638958396688,1.56818438394376,1.13841781957933,1.54121251802017,1.55226453279716,1.40353013826699,1.08449802831025,1.16224216863617,1.01693892293467,1.1630041404455,1.91223281385015,1.75492710515621,1.04817037752279,1.47045584696832,1.70466449517043,1.39133287379115,1.37529436749187,1.91000909773168
1.03922400718519,1.99787952098897,1.45569451686726,1.79797731190826,1.80419078599857,1.96844779279476,1.68997524338308,1.25943210314002,1.47514269802493,1.50043690041659,1.19921015538238,1.56558971505872,1.38248761155758,1.56559973934926,1.13377409853683,1.52090543160257,1.10681225736943,1.68603863133399,1.92443556986956,1.19131028567967,1.84828080043582,1.94137449326989,1.35431442612517,1.76051361382032,1.69630159796043,1.40248480364796,1.23096946032297,1.40096609313086
1.79381767743911,1.6062638282805,1.31097519039687,1.83304168508995,1.60414334880381,1.76666970726413,1.63101899653255,1.40833413433672,1.73511749959323,1.32099423944996,1.66776623747673,1.2102601971525,1.82143113986656,1.86697639332478,1.77584991221123,1.20391875095848,1.43257613220838,1.90962401121372,1.72482418256105,1.5393883895778,1.59566264208204,1.64925975243061,1.73069867572314,1.4439434420522,1.59063424523484,1.08501310138265,1.20445705587252,1.28693584272961
1.48749790549627,1.43542651619549,1.68790193586047,1.28131558246972,1.04169034401034,1.99887712625734,1.11435726709401,1.64583369327981,1.76554683352148,1.74537626362656,1.05416782715086,1.50066433264905,1.06637050261086,1.72193406509326,1.71092453026721,1.88780164247742,1.58891045795237,1.48677444201278,1.0917203934359,1.02148658969509,1.39639845276084,1.81654457599695,1.56087497973855,1.99206109530854,1.4658043279619,1.29157365499603,1.43600453689508,1.05643857273107
1.37658675637869,1.6404615927676,1.34337441592634,1.86408466187496,1.07588810896309,1.03127635132115,1.14540024434468,1.11757845297343,1.0301534775785,1.25975751143869,1.76341214625324,1.79570031109997,1.00513377506525,1.81757997386976,1.29636464328336,1.07150427767611,1.53951403849736,1.00728917308491,1.95930592061919,1.12842449598407,1.49406361556336,1.05102631358943,1.14991108567915,1.89046206832419,1.86757088958638,1.71078606541771,1.88252316316707,1.33337521754828
1.00235971994808,1.31852770006216,1.38981379027935,1.37894647679243,1.95898929282976,1.7331882062057,1.24303113820172,1.03487740132719,1.76446455799251,1.3884313825464,1.15245585476628,1.79461803557101,1.64818889445075,1.91586800101952,1.59031834620532,1.653322669516,1.73344797442362,1.88668298948867,1.72482694719212,1.27296201245532,1.89397216303925,1.68413286734565,1.40138650843938,1.38803577813694,1.73515918093508,1.5512975945842,1.27849784599547,1.60273007052146
1.26208365953624,1.16102100916254,1.93610528806974,1.26444337994998,1.4795487092247,1.32591907788344,1.64338985674241,1.4385380015888,1.05910728408913,1.88642099494414,1.47341540338165,1.82357184208165,1.27485237749054,1.62587125814793,1.61818987718699,1.92304127194129,1.54173925870179,1.20850822292664,1.57636394099163,1.27518723312541,1.09519121194966,1.30119088771808,1.54814924558073,1.9891633749889,1.98532375552939,1.94953575448577,1.37719915266018,1.72048293599881
1.50083334860431,1.65569699912132,1.32321300605462,1.76291700814055,1.81671800828386,1.2593182936587,1.02736038762487,1.2962667170429,1.5852373720078,1.67075024436729,1.73480471863169,1.64434465609693,1.55717123931142,1.20822012154768,1.46791649771292,1.83202361680196,1.83409137969561,1.08610637443424,1.75506488827759,1.37583063839741,1.29461459736089,1.33142882880356,1.65101787152282,1.38980580931055,1.63261971652164,1.19916711663789,1.37896918429945,1.61794347158537
1.14870287065799,1.75616833695963,1.33842640758419,1.6495362192623,1.41186533561529,1.6616394136388,1.41245322740285,1.22858334343349,1.92095770776316,1.43981361502773,1.52485006047639,1.5061950793053,1.11056385939501,1.25965477910808,1.15053973493657,1.66773509870643,1.46787490065576,1.61845623264949,1.49975871504273,1.30196628035138,1.70456260708373,1.25482360285466,1.67779691874878,1.99917720444462,1.58625243165821,1.32881478980594,1.38898301328951,1.21887214771419
1.52798190644383,1.76795219758896,1.83681561976523,1.67668477756748,1.52412053454859,1.17524202688376,1.32622099636412,1.93598587016388,1.83688144052256,1.73867422376698,1.16456921359737,1.75783914782006,1.1784878387947,1.68941927407376,1.2640342266597,1.28905169818972,1.94907405318184,1.41457396159627,1.95678679689615,1.4169489538376,1.0330301937801,1.45654551147322,1.71891523418898,1.73759280086383,1.71136911432788,1.3967121524721,1.73677000484279,1.29762154552043
1.72552694227804,1.1257530181323,1.51649369323463,1.2535088482562,1.89370521572125,1.3533093125342,1.93019362582368,1.41782574980418,1.52855133941795,1.25641462218781,1.35381161996807,1.36543277994051,1.99508884595478,1.51838083356543,1.12327192729491,1.17357668428383,1.20780010717353,1.38730615442028,1.46262838247355,1.15687416035536,1.80188011601655,1.41941517890404,1.57382311419296,1.83491031026231,1.87596069037726,1.29273834791628,1.57250311066047,1.58732980423948
1.68945050038837,1.30927311550326,1.88495134975992,1.41497744220075,1.43502613363556,1.40144504299455,1.66848629045695,1.32873134889115,1.75475435552874,1.59867991628064,1.746557099161,1.2833056949467,1.85509453846845,1.1003687186634,1.64873847488721,1.85018338395757,1.61874955222884,1.77201040218212,1.02376006824139,1.82654965940237,1.15931655613674,1.48638845071494,1.98342381975773,1.96119667261895,1.90580363008464,1.55724693348503,1.79610698241559,1.78176431999624
1.84998528140131,1.36861009261041,1.36909412423572,1.53943578132402,1.67788320811367,1.25404547352998,1.95441322352477,1.11290934128357,1.65549051652452,1.62289951398172,1.44164069064038,1.41024487205327,1.2215794297967,1.18819778933572,1.69355056699996,1.07667396779949,1.28856650799912,1.34228904142151,1.92685735175705,1.90731606022795,1.11429944313797,1.95061741999845,1.73386571916466,1.27361599974037,1.43700587071339,1.71728953892239,1.23481267189365,1.34280950033237
1.27453647194176,1.03091965384359,1.12457381986295,1.12452175334307,1.39952974645399,1.49366794409867,1.66395753466708,1.07741295456766,1.74771341809431,1.61837075819186,1.19032229585122,1.40320393415317,1.24127027170792,1.6319629864916,1.81344880620644,1.46284970150462,1.82016077582732,1.50699937274074,1.5395236693041,1.10872728336078,1.84928841416225,1.4663810205955,1.01604334312307,1.96358785776588,1.41699844059395,1.74990906275339,1.23720385704059,1.85400431130734
1.46719860121012,1.47201652893425,1.19681381117404,1.74173507315187,1.50293618277783,1.32138763103699,1.86625682649494,1.90246592923182,1.81505557560132,1.53021436116202,1.97987888379948,1.56276899322996,1.14858511888822,1.17020117965071,1.96597292738313,1.38985539059614,1.80216416614231,1.77942173358957,1.85270509210075,1.62232494196963,1.28642110586465,1.3922287609392,1.7310522253304,1.13570952002691,1.85860978153469,1.74709556891913,1.09929737732713,1.27560822166298
1.49700463120686,1.33650123436772,1.12961253250465,1.96420323241698,1.80851776330197,1.3264263436787,1.70593830510319,1.31145394561414,1.64781397518134,1.57219513159813,1.21391987438031,1.462869550317,1.10240949229449,1.19379875817979,1.0256385430813,1.25099461118271,1.36399993783049,1.99161147046444,1.64085000177885,1.16616410350714,1.77103320358835,1.49355509341394,1.78848904547677,1.057454309453,1.88578385435314,1.51954127080717,1.19316382947991,1.74439363542217
