1.99436517571768,1.11707690922407,1.54691929581897,1.59972086530166,1.45891593278335,1.7596872112526,1.75644771883099,1.58920997315515,1.96180845469321,1.55554946863817,1.28124785343243,1.57881199316066,1.46323030323872,1.91162745184807,1.32048719577514,1.67497689587762,1.10380833367994,1.73526724741574,1.76026393415419,1.64976316487871,1.8244010539839,1.71950761448569,1.90482760775128,1.61986905272113,1.44251263627899,1.76961033408046,1.03094874742951,1.46176746695385
1.66425417767104,1.06375893906865,1.70624486436427,1.65861935292306,1.18083584829273,1.25316416018324,1.25834021822472,1.63975178154174,1.01285137097018,1.01478793659005,1.22896175423123,1.97465982566339,1.57033740522821,1.51020960766366,1.55347181882405,1.03356770800127,1.42183705951173,1.87395901459919,1.70854460434455,1.52564539319167,1.60922626154927,1.46880853803307,1.17540855760472,1.43362731506751,1.18831615251876,1.08023616489034,1.05349636732298,1.63082878879776
1.8498464989708,1.08444511475248,1.09259625528594,1.51410067617619,1.1482040542868,1.79884111965021,1.17272002909925,1.32903990257952,1.05200527936779,1.43106024732397,1.96879168412126,1.06485665033798,1.44584818391402,1.19775343835249,1.03951647600137,1.01618558867657,1.70796304601615,1.59298829482542,1.0497532971435,1.12980010506222,1.46694730895895,1.75829790148805,1.65544549825389,1.07617357050822,1.22710643905546,1.83085405632428,1.50980088557573,1.41542259157422
1.91109022121462,1.56329725336437,1.04625137990632,1.76093672018542,1.64774236811685,1.13884763519226,1.27503739589594,1.79594642240365,1.93768875530813,1.44775742499519,1.12498632498318,1.98969403467593,1.87881767231916,1.09377800863878,1.0545506850139,1.32466585576752,1.29153144699127,1.09406716101527,1.34085144490975,1.99949449347309,1.68705545584068,1.39060474205325,1.12929459806964,1.15400276433397,1.14890264307563,1.7847400967892,1.23017633484219,1.37600908213109
1.61559415264781,1.73997722088358,1.79143167417097,1.52668437339677,1.30327447378229,1.83768305407729,1.28762109311652,1.95101684189915,1.97653068973521,1.56265848947813,1.7469632643028,1.91421944457768,1.01041591400766,1.87194958928598,1.90391347878795,1.88923358679248,1.96572759792475,1.95846416380185,1.21389944209433,1.25725904491602,1.05253132435145,1.55475088700408,1.25675353792345,1.73958678019214,1.94535562905732,1.38604813599309,1.89358954499177,1.0942582716673
1.17078823231663,1.1237658793683,1.47026735426405,1.78638238496444,1.86374310025188,1.26169902796936,1.31306675836121,1.16701757356851,1.09938208158099,1.60068785147773,1.11803441546766,1.07591277085054,1.1633463404902,1.86499767977046,1.99013221542823,1.17376225496352,1.73694726859077,1.89404569421618,1.06299584129033,1.70267486604986,1.85250985755236,1.27689528338467,1.95993391096589,1.90504118236948,1.8316461708544,1.21668744842368,1.64462796209596,1.77700179944607
1.60273558488243,1.53821750662207,1.87126007157902,1.77352381719906,1.66198338645603,1.34152742537741,1.5599062021635,1.52572648624225,1.60322645334677,1.87297296052471,1.69274406027642,1.70260853492776,1.47366081153679,1.81077847574408,1.77852130624397,1.63700715249265,1.67577615504888,1.76865352120653,1.81076940745617,1.41272342317399,1.66269921495705,1.8737652487465,1.11539828875819,1.51520907250941,1.15066053166551,1.07533219972408,1.42025025441323,1.98230670251991
1.29201964814776,1.06487821604352,1.75930850196598,1.89475523303019,1.60309572313125,1.63056857307934,1.66827905022925,1.26507910912162,1.97209599845675,1.22818525192709,1.79080559536387,1.57532245133786,1.10115821198614,1.48354965517463,1.27793098579996,1.57481902352293,1.29432813045305,1.05645229157827,1.21182617554992,1.97010428550192,1.82510581325046,1.02259558254042,1.38282770821025,1.48780502774185,1.89636083128693,1.4982259974341,1.0030140997856,1.04702136295243
1.57355819715818,1.42326435419883,1.02932806500668,1.86557784530594,1.48814257070801,1.78863656697266,1.76033307833613,1.0912382933736,1.41920513958633,1.42861212809971,1.35631740249522,1.39130113757742,1.6567973800268,1.14712299739342,1.96662358891527,1.75795559201294,1.63067265303371,1.24455457471523,1.33277461507021,1.92500078348676,1.3010068662935,1.54460079108579,1.89510506898868,1.1261126790783,1.56719637362622,1.27793277673327,1.61391770728581,1.46355720491314
1.77615877416737,1.6169318070714,1.51057856786557,1.3497169708599,1.04019616127023,1.53990663287225,1.21529481616583,1.52833873197825,1.32854319984491,1.97562789450196,1.61957702535185,1.74774833943124,1.40424002213601,1.97589442784707,1.13904947700866,1.06103740169715,1.12301742477483,1.10567306545827,1.81899299371009,1.75369007780854,1.3502276401735,1.15176760831464,1.6786908612953,1.65123450693266,1.69636839940044,1.57379592981832,1.77734718601096,1.26356477302665
1.85172870655159,1.3912648928311,1.72712197793979,1.62788748071896,1.00819669990251,1.23770054533971,1.97760445157886,1.04839286117274,1.77760717821196,1.19289926727903,1.57673159315099,1.10615037759121,1.16852716131533,1.19630861803717,1.85389871748812,1.57276718345134,1.17220304541858,1.99294819449678,1.63380458514849,1.29522047019341,1.09862125948939,1.45279757839292,1.04891054800195,1.44884890012855,1.60456518717323,1.72760140929725,1.10008340659555,1.300933586108
1.30139733864991,1.87743059260651,1.56449835913465,1.15312604473584,1.26869548543761,1.29162033660878,1.7810135254548,1.27689218534012,1.52932088194849,1.75861797703366,1.32528504651286,1.30692806016045,1.95151724431269,1.90201663966385,1.41307843775166,1.12004440562802,1.09832525723536,1.26697715477412,1.69281158907936,1.27052830265394,1.25992534880523,1.32661617422785,1.56574877284735,1.35854660876028,1.77941375262077,1.6146593208493,1.80739550888883,1.38397893932833
1.34226072968089,1.90747891548438,1.684912525902,1.6436580683308,1.78490950762523,1.24941088457099,1.7967841135323,1.05360499259718,1.54103122164543,1.57779763852144,1.3304971779373,1.07035210312826,1.33641561508943,1.65578222445016,1.37728016328871,1.28793285940212,1.55779886364834,1.79035860150604,1.40797726503013,1.6561241208837,1.05733575581449,1.10078885364383,1.92665242353764,1.31726110508538,1.42740502787167,1.49240119638499,1.67580771384566,1.20681878049244
1.10706051676863,1.48320322226882,1.59079771982077,1.44932124691518,1.39068213728754,1.27571024525711,1.09297931478032,1.17559164444711,1.52512113029376,1.88976342831262,1.22919663750995,1.06615235147353,1.46756106683405,1.55969381544725,1.13650445460179,1.80397668192348,1.21547603989741,1.51378461835616,1.09190954085994,1.77327490354575,1.30414321939654,1.49988680589008,1.42939902442945,1.36147897521103,1.60067565999957,1.35605144750143,1.67874008029641,1.02808068740558
1.84845264388642,1.3545477936764,1.23489946789802,1.95551316112071,1.83775101594522,1.82569718818446,1.40483440757023,1.2284331527671,1.1014074329759,1.49781372235055,1.40402479767987,1.62652856326966,1.38757715066316,1.63322143518982,1.69268091474319,1.85513821749722,1.1929152501714,1.82918536981064,1.65911489895504,1.40839129006881,1.34296998770114,1.75102444028064,1.18166619361456,1.64711320709768,1.25091124570505,1.61106521804401,1.00859218184305,1.85158690570462
1.96711666554544,1.68733226260512,1.87966759357586,1.81556930943186,1.04188005581586,1.11456706100822,1.77108247008691,1.87963107222674,1.94026424919267,1.17591687719147,1.10806422452818,1.04167168216858,1.67373059954202,1.51208902220805,1.66820024543824,1.06130774973953,1.1453104569322,1.36088116018143,1.91644596723674,1.33822570756926,1.19006652952641,1.57556086619178,1.74661699763807,1.53303651722755,1.32658530600676,1.92828319125263,1.18014972385957,1.57749655171181
1.53934840883098,1.18874190570262,1.42908345741643,1.50646507437642,1.87607416830774,1.30875105052663,1.32203438334262,1.91795422458926,1.42331811153484,1.09311685296386,1.79758529635034,1.36358236072752,1.26903373015534,1.90564952087852,1.40525404289609,1.94276432969736,1.41773854308656,1.07345428786867,1.00407207943689,1.56304900001876,1.4343354480501,1.92051804667363,1.90127470758803,1.6244019775765,1.49607891239975,1.6478917052261,1.15743849433839,1.8226642184065
1.57617489601307,1.33758821819797,1.40016077011831,1.11552330484405,1.52633012436625,1.82924422753474,1.62198837922047,1.40240429220833,1.1379952775957,1.94402276256309,1.32035851633193,1.56131338913055,1.03713961506129,1.11794381221661,1.92489574985807,1.30617334521663,1.02359333309512,1.3301497922885,1.24893767444833,1.44133187618169,1.40360408062283,1.25300975388522,1.00438087573479,1.83793952867293,1.17352780055885,1.90565558378848,1.46234150624943,1.66960671295859
1.55354728854892,1.61978000058782,1.49227093136509,1.12972218409633,1.95736821925145,1.89243170148341,1.24524548894039,1.48369834315204,1.72167592855248,1.86723386816086,1.88610263536037,1.85967120614819,1.81125663025829,1.2064611516923,1.42098459481308,1.84839624531958,1.32440496390891,1.34588034467114,1.15456959007055,1.34799829700403,1.67603013695964,1.40350726498454,1.78933017318571,1.07963421711681,1.65651701886976,1.79371104938617,1.9175737462554,1.83004481942861
1.69936663270898,1.37991525203917,1.4996515323872,1.25291392079225,1.99969525262699,1.99192246375229,1.38263610488858,1.95706347141278,1.88435416477004,1.62788159429463,1.44076181409916,1.60603009285686,1.49511546198983,1.32686444945953,1.46570129853939,1.30637209224811,1.53332560115183,1.88668589335246,1.15476833710203,1.85773056506074,1.23256623755794,1.30933792763824,1.20572886206476,1.90859637498325,1.71284519262279,1.99505903525048,1.98823059210006,1.36936221102689
1.78877008417098,1.9058043378898,1.19940703045549,1.48813671641431,1.2857195894633,1.69905856284269,1.74105063720655,1.2854148420903,1.69098102612932,1.12368674209513,1.24247831303742,1.5753351904337,1.75156833638976,1.68324012760224,1.1813652828249,1.24668379791392,1.01010457659611,1.64706658136429,1.55305589016204,1.54343017774794,1.53375247425109,1.70782422772973,1.40116074234301,1.76631871227469,1.01716215490231,1.60688960440778,1.67491508679228,1.7300073475251
1.60194863965826,1.66314567842667,1.09936955808633,1.39071872336358,1.56895001631647,1.29877658854182,1.87885544024355,1.85466960577977,1.99783515138451,1.61990607698444,1.14008444740441,1.68881617704817,1.74359281907957,1.38256276090749,1.26415136701621,1.49516115500366,1.06580288804406,1.44551664984111,1.74184495338325,1.07590746464017,1.09258323073973,1.29490084307962,1.61933764238811,1.62633570545648,1.00272507034369,1.02049838426546,1.39265441726551,1.019887225246
1.6273879891389,1.06756950359213,1.74989457277111,1.22933662833149,1.7307151820188,1.84926413132309,1.62005535169507,1.29966519786961,1.14804071939925,1.49891079147296,1.15433480364938,1.14587587078376,1.11881686845739,1.29441925105379,1.83469204783192,1.86240968753696,1.67698201196128,1.09884341484813,1.35757084254062,1.74278490000534,1.54436006468924,1.09941579545821,1.81869236464551,1.63694329589463,1.39431663853783,1.43803000656796,1.26327900088545,1.39704170934718
1.45852839129908,1.65593341815096,1.41692893459319,1.08591637997232,1.72350292174309,1.16682350736429,1.31525300830382,1.45421810329622,1.01608763822172,1.93530835999889,1.75388330163149,1.16412835762097,1.43421915147184,1.90821810528087,1.31000422840473,1.55303601992924,1.202637355869,1.14469627623665,1.41544570700053,1.87961936829594,1.24353969108478,1.77301654954116,1.62240426783562,1.78789975577402,1.87243234499937,1.44109663248113,1.42484305120299,1.2667489835372
1.87912663904909,1.68812205208844,1.66379069288438,1.33765502988252,1.34405546977374,1.0807196270119,1.42357140985484,1.06755839105116,1.24754313437619,1.73882441815865,1.52177649481305,1.26363077259792,1.67413277815754,1.27565979597888,1.42775913068455,1.10835192916372,1.18387790079409,1.73776335908927,1.66138794909296,1.38651525666309,1.88245963532592,1.07683365562783,1.26613462449337,1.12599932594504,1.84985020563465,1.88853889279465,1.91389908218472,1.72228255016836
1.32963552481012,1.33874213292205,1.98903153370555,1.20876216339355,1.02686418501049,1.65282222612427,1.54641719374173,1.37091965478422,1.73354185360183,1.96998860359657,1.43847804630104,1.98108498797802,1.70881302175522,1.96025454111409,1.24471576057594,1.38294579944711,1.23591433662731,1.67247489126049,1.49129772861083,1.4197922374214,1.4102382498841,1.15268567723813,1.80630749408449,1.29269788521002,1.22951933286596,1.07244211857786,1.41869721115506,1.07936953803495
1.96098101137252,1.33259629287412,1.80165208866897,1.29061653571698,1.67133842626183,1.79068362190886,1.49937869911053,1.69820261127232,1.44350584803312,1.0457958923866,1.06912226559088,1.17704770116929,1.01578449598317,1.50760031189192,1.15813268868166,1.7245975177384,1.46785485254035,1.4028484492576,1.10754331671984,1.70376918916766,1.07532334005242,1.59884104533067,1.1235614261234,1.48556159040218,1.7515267225688,1.92986892067356,1.7782594756122,1.98104605543476
1.00231103878576,1.1969566863016,1.06041559346971,1.96329205015828,1.52955297964139,1.86206768213868,1.25390858540959,1.20089140543756,1.65275130358187,1.75328728452012,1.89909401670987,1.09625715114933,1.79908317737239,1.96821628230075,1.27330485231863,1.81486767335556,1.47581659419267,1.43143754146594,1.53946519062829,1.94367144673302,1.83428599072354,1.64700850734814,1.64744063590068,1.90960933124163,1.24584955221314,1.77100206202408,1.39517092117815,1.99737627478194
