1.26663683926064,1.29246120680704,1.02000185708515,1.7636414704675,1.62896244117476,1.14961438958981,1.72784470241882,1.43748020401107,1.47604073373416,1.43378300705635,1.74893414962521,1.12385470844985,1.00597813818882,1.96285402400552,1.58672425876685,1.10838763048332,1.15665278171965,1.61236280184815,1.35938224166603,1.52065271955014,1.60397427184692,1.00023224297922,1.68681682352294,1.37500747543527,1.49378733639316,1.47530586853405,1.43246178488827,1.37957119028064
1.99484713934122,1.62562561436818,1.12396482570281,1.2614839781362,1.91808682117522,1.14396668278797,1.02512544813805,1.54704926188432,1.29358107237778,1.75297015055687,1.98452946589539,1.76962180611194,1.18675315761322,1.73346361505495,1.89347651456179,1.19273129580204,1.69631763859481,1.48020077286297,1.30111892675102,1.85297042078011,1.09256357424546,1.66050116841705,1.37362313986459,1.69653784655805,1.66073341186193,1.06043996292187,1.07154532152766,1.15452074778942
1.53574583192158,1.50400710641593,1.53409193853573,1.53059297079714,1.12963272031845,1.65805676423854,1.792076949399,1.04771954102801,1.80202344702651,1.81720239753705,1.59476880291233,1.09560451893863,1.57017254809391,1.57929826834206,1.86522632551623,1.75692570570713,1.31276188293135,1.75870283961236,1.94965700150917,1.00907952106049,1.23890361247533,1.25077592779453,1.8620499418406,1.33146718672079,1.91127709667723,1.23567308170519,1.02800503281318,1.5720105080735
1.29611304462706,1.09955035434084,1.72653125586292,1.83185887654864,1.60355746075677,1.26062319393299,1.36245184734578,1.73319018107522,1.91867995817153,1.15452879627912,1.78090972210323,1.72070340473238,1.97173119381616,1.3756785245499,1.81630792413666,1.54190374144442,1.95497679289196,1.68153424918723,1.29882944668589,1.26773867535765,1.44023708833393,1.24848644819506,1.27681819688381,1.67914070080926,1.49926237598959,1.13886813825875,1.01060788753005,1.41053947220116
1.37454121996394,1.03861292034323,1.98254998027466,1.67065426505667,1.13816327514973,1.70908123613758,1.50251314113965,1.74172073590649,1.96970443007057,1.86496498848543,1.47491091698171,1.8883843882421,1.01949378429888,1.25582063861928,1.60908779250881,1.99122497858071,1.63149916363484,1.42539571617981,1.53312871955946,1.58647595606115,1.10692996490138,1.83195816671101,1.85421463188446,1.54716705370097,1.08044461444041,1.1310328283026,1.22630775404456,1.57970699043
1.26990096656135,1.23691564157462,1.99024646309682,1.64444218699096,1.27552856238351,1.97279644290581,1.31509645158197,1.41369183753323,1.68187767857773,1.81760959272162,1.15541257297407,1.6515821086483,1.68257458120704,1.63032348995578,1.53996649642473,1.70206836550593,1.88614412904072,1.14905428846788,1.69329334362098,1.5176432922099,1.57445000511336,1.22642206318044,1.10411924780538,1.68137997001474,1.05838022942579,1.95833387968984,1.22854702325004,1.1388248438662
1.08936670752678,1.45485477776027,1.7185318342962,1.3592676745538,1.69177041933489,1.70877829692735,1.0037098610791,1.96729898171839,1.68157473983316,1.31880631266106,1.38099081878596,1.36345241794523,1.13641590491702,1.53640339222569,1.01503452612787,1.81899048612406,1.16672688171581,1.55500102255261,1.52105885162999,1.05287101029086,1.70405531148615,1.2143521947853,1.57051430250076,1.27850531613385,1.44077425796575,1.67463355077181,1.95988528614858,1.49915448739154
1.63296742999599,1.18843230939863,1.63797933125774,1.72233413798843,1.6432870871589,1.35651116555394,1.08160181207657,1.33505750602812,1.06528946201563,1.08531167315567,1.30235648774652,1.7468642018488,1.40411798581673,1.68334730653248,1.11031661979403,1.54053389073374,1.21975069829251,1.1253511459219,1.3595243768578,1.38647758047398,1.68035216894017,1.88058322848779,1.43934859076485,1.38440747996066,1.09493542280744,1.00986289326561,1.66291279609451,1.53570968123884
1.68449644403742,1.62279808177743,1.03486416816472,1.31746387356774,1.81123039117606,1.67284349988813,1.03979801109051,1.4545174778693,1.02935466497641,1.12139982316708,1.78957498436308,1.09464412699204,1.20671149632275,1.09193147164394,1.8415083293065,1.61082948213947,1.77527877817642,1.95182494910053,1.15136337287322,1.99502947693459,1.07717609455677,1.51088774973102,1.38150705694291,1.75752826349695,1.39147097775315,1.82085564770776,1.14193574299195,1.48640640056059
1.83071854097336,1.80484853908645,1.02211608133377,1.51521498454512,1.42764662086388,1.05698024996416,1.83267885857852,1.23887701157428,1.72982374985228,1.87247686966903,1.69339448990924,1.75917841482869,1.99387669330178,1.48296947380666,1.85382254182073,1.20058818915886,1.5749009454506,1.69533087066157,1.811417671764,1.35017972316136,1.64715581929644,1.96278104463722,1.34520919963029,1.72433191431888,1.47366879390258,1.7267162565732,1.48186017735017,1.86513977165573
1.54757190428096,1.62379592080777,1.35154617175066,1.37829044478866,1.42864445942857,1.3736622535501,1.89350542979944,1.85629108029245,1.43064250351425,1.7261842879123,1.09516809186673,1.16046625290088,1.59866115711567,1.78856258177597,1.91964466772957,1.59253784995179,1.27153205511697,1.77346720908464,1.79312603957631,1.84643300056757,1.46879807974622,1.60454371087465,1.19661272326327,1.115953898577,1.5673247550462,1.54182192335921,1.84028581289588,1.04099354848312
1.26853817946675,1.32214599024604,1.90613332013885,1.81611008374771,1.94594191105382,1.25767949142385,1.19440052853636,1.37458637001672,1.63134174497395,1.08790595787014,1.23087745030917,1.06198424802254,1.81409024578244,1.3260455421759,1.22245050092342,1.41275140243245,1.11460812348621,1.14209516818733,1.00528925238423,1.38614017860319,1.91556237773763,1.79841529196054,1.23257317870509,1.38436045701819,1.40295900236953,1.42918590196836,1.50031435559518,1.97028375741573
1.97100782532758,1.34060016849106,1.01127730543319,1.23954600479433,1.66274615873711,1.91741062557204,1.05565608807637,1.60868806932526,1.17509011653023,1.25005661661274,1.98327443934198,1.80643186196984,1.33796257448288,1.21415188918549,1.86841610999238,1.15205281979966,1.54019743136139,1.0908666109158,1.56480422269777,1.65480555484761,1.23296177910313,1.570093475082,1.04094573298513,1.1485241563751,1.36850876657688,1.27351891169023,1.53288461339329,1.77146776894641
1.70270481412425,1.03319896898847,1.74175152589649,1.67371263898616,1.37379913747953,1.75302883132968,1.91325864378049,1.03654529575098,1.67043945643606,1.96891473232252,1.64523336507624,1.84552957296629,1.2189713484696,1.62850780395256,1.65196143447047,1.55693392341814,1.84265969360371,1.52037754446286,1.70898674321779,1.38285712449944,1.61124415537866,1.2737909654499,1.03766267934705,1.84420593448179,1.8438844405319,1.07860841233218,1.99273009132255,1.21239320664312
1.35212732448807,1.52561470425018,1.98386097558954,1.05483213814666,1.55881367323865,1.72561250102036,1.72854477713282,1.93261281071818,1.47864133188438,1.64180342091331,1.96915810646916,1.14908078785477,1.61071815277018,1.61439147107973,1.99461036128672,1.82968950123977,1.24289927503229,1.64657179529153,1.38662342419225,1.08555896817034,1.16694933928873,1.09561016741004,1.46841609266979,1.77819349466739,1.36940113285994,1.50607877201684,1.62239942914918,1.21328557339184
1.58468718481468,1.61512952000607,1.42567878003497,1.93681450930276,1.14074422379059,1.4095397556245,1.99164664744942,1.6995578974949,1.13515225617921,1.72019142411658,1.63217070774742,1.61379358852924,1.36199484456423,1.60132881421658,1.76287437638402,1.97271299733441,1.21572028483065,1.75748473720508,1.80240249857418,1.45861955986294,1.40405653249661,1.18902592230077,1.54417852803328,1.57100587178534,1.28463608971081,1.01259462070307,1.34919936645273,1.65403722303642
1.5186733927199,1.97159879560191,1.86732279642826,1.10336057706893,1.58672831514232,1.29300157599757,1.04017508590602,1.72747253893291,1.70254133162207,1.03182173288978,1.42703043596215,1.83769358826694,1.75201315747202,1.05920114370957,1.45148717633052,1.11400800157059,1.66052995792615,1.21436155224888,1.086720998905,1.8762502427568,1.97184628991962,1.88912349747919,1.33486980261974,1.37590282195057,1.0781494193143,1.87904833065302,1.94690869373591,1.36278550949077
1.89164295135608,1.29610805972298,1.01682273206153,1.41031634407598,1.26770685485923,1.88414552848979,1.51367692114491,1.85443517000155,1.1771471040217,1.55385200751659,1.58190770893447,1.87968843610943,1.58567374040637,1.00893814443096,1.7173820239107,1.33768689741273,1.06813928814053,1.16886919977556,1.45169489944898,1.72866924606667,1.38323075202444,1.53841589835399,1.60491948882347,1.3550770414784,1.42753939536751,1.93978929144321,1.73097986342897,1.50568881468181
1.81883762163056,1.67788855716488,1.86847432417258,1.71048057298664,1.97399661688786,1.88529705623411,1.12079691659696,1.24170347174709,1.76944258425824,1.63447383774187,1.09613864128298,1.9465896887456,1.1883258447928,1.67804635021745,1.82627812438937,1.77399958566483,1.68698449511406,1.54366014783441,1.1116864826119,1.75512378325459,1.71252934760997,1.56338138206088,1.48379302932126,1.09576009916876,1.10179727994921,1.08871251767907,1.45083714111281,1.52933667531672
1.02850180865661,1.18181700407612,1.03502548999853,1.84733943028717,1.859705561241,1.90349981417111,1.55782000280815,1.83370217812886,1.78879687040523,1.67861691940511,1.07540564941028,1.55823945419781,1.31309075714699,1.17154429069326,1.50482914247775,1.50141660193979,1.84959064137637,1.33110726640146,1.27541618713896,1.53657513602477,1.87476741423587,1.38710267021652,1.2916989188137,1.58729676138018,1.9504840522774,1.77549194813496,1.6830568610146,1.0522813322266
1.86420446581403,1.13389400166175,1.58161800754332,1.89270627447064,1.31571100573787,1.61664349754185,1.74004570475782,1.17541656697887,1.52014331171296,1.29786570710031,1.00911874464206,1.30894018165252,1.97648262697108,1.08452439405235,1.86717963585033,1.28957338365241,1.25606868474561,1.37200877832808,1.79098998559219,1.10565932565632,1.70311604472954,1.06640617273115,1.6422344616811,1.5778834589654,1.45350884294766,1.93393338096046,1.16518021987992,1.4039928947594
1.70942532862975,1.84823708089452,1.456274226986,1.57362979444379,1.98213108255627,1.03789223452932,1.46633606844877,1.29784208829414,1.65453573207116,1.20638177274092,1.47325865527301,1.17467904331846,1.50424748030689,1.48237739991507,1.48361922497098,1.48073010681231,1.56690179396742,1.35079886082131,1.77030349046472,1.82297047871303,1.72280763914939,1.56129347559125,1.92862980483502,1.42592368341327,1.6276996483224,1.57086426605045,1.00380714191301,1.0812084908044
1.50479764654525,1.1689873622586,1.48520138602946,1.214222975175,1.01722444268746,1.94147561301546,1.78785276961879,1.99935552570939,1.97936784754478,1.25418883760189,1.29719761353787,1.63390357961594,1.46057061080847,1.77045626881088,1.8085826229344,1.96481809111536,1.25283366826029,1.29220184790539,1.44554819746201,1.81973546222771,1.6430007087267,1.21585168746107,1.64270594047508,1.36580834741043,1.77714516305232,1.57133574484444,1.7917320308237,1.40484481137471
1.14220001089489,1.79553917320237,1.48605330217912,1.64699765744014,1.96452653546097,1.97125468820858,1.86122063261514,1.98175097814843,1.91273030122404,1.64907340176826,1.98110650339215,1.89209814830315,1.90326223983581,1.27830411646436,1.52600172745343,1.36383285017863,1.04876038480958,1.33458435038784,1.32865094082833,1.30159405306987,1.62678619829323,1.77419913829034,1.12132951483192,1.26978690655426,1.99005082575141,1.76403545577267,1.6355952539647,1.76719598833807
1.33537120015145,1.42732728432274,1.17204079924712,1.47757121104634,1.22286645705945,1.6580941018919,1.12456886848648,1.18739299205476,1.62934878963481,1.98578950110161,1.16914397020319,1.54207909039319,1.63486290286987,1.15025047312968,1.43417723869634,1.53812514224002,1.4285545900597,1.96017896614977,1.90195799241865,1.47731497486928,1.29476331607195,1.23060893278132,1.77890902840482,1.92154951436517,1.004808070606,1.90023854323674,1.19133642045378,1.99485889635741
1.66427399854375,1.82693167441847,1.76205488422981,1.99964519916086,1.25425895874121,1.93409568394259,1.47721640974154,1.47712541580066,1.59218978536883,1.60178527822801,1.66451840832109,1.22153857453798,1.58757477932962,1.83366237852427,1.76361766539683,1.22243768173383,1.98391285165395,1.1977949036275,1.76056282397386,1.41246744124799,1.15797386931161,1.66252081592685,1.88978241658294,1.45273718584922,1.89312974870816,1.66869144452209,1.37428669974873,1.89793781931416
1.56892998729317,1.56562312066817,1.89279671520591,1.23320398583692,1.39255479462098,1.65485159897006,1.23284918453211,1.64681375336219,1.58894728244699,1.71006559427365,1.12393916916286,1.18113706735016,1.31185087250166,1.78845757748394,1.4026756423538,1.89942565183128,1.62211995554255,1.16629330728496,1.12186333309946,1.60603280673084,1.36408821091246,1.88242615707332,1.01850024797884,1.52206208022407,1.5449469725345,1.90828266456178,1.97479926607329,1.438076720777
1.57697410861821,1.34908596582203,1.3360145396255,1.14590409544571,1.91470908649019,1.22881125436575,1.37910808128263,1.30726388064551,1.8836628533358,1.61195726581475,1.95407763447337,1.47261013578279,1.3220228600884,1.07801680317056,1.65374720313295,1.63387373259006,1.8664743806545,1.05642284502109,1.53329938395568,1.4885943357314,1.22271615230605,1.65516271705514,1.09462714199658,1.58680436321851,1.53758887366279,1.11312738997542,1.10886644344258,1.08253584573163
