1374.55105107981763
1474.60932217199320
1451.47340395128276
1374.34130845315917
1318.19595696936722
1679.73514106106018
1509.59662110711770
1363.68250526909014
1539.58653801620903
1394.40502962250139
1485.93208881454393
1327.41294269766809
1266.13620578898303
1432.69438988214324
1455.12652168197769
1444.08559401003458
1479.73848713390203
1257.91560103553957
1357.30394296003260
1411.41548522158109
1460.75199259904093
1306.75814341770911
1330.99690018299179
1620.35724496072407
1426.64865706963519
1550.05625416227963
1580.39070933969970
1440.79210553284747
1518.30103316468899
1444.79278301674390
1526.32176118098278
1455.77018065191373
1489.55662114936558
1397.62744807931267
1419.19317129575757
1441.00099559731302
1378.96283076491954
1364.84996604940011
1411.69975581422682
1316.93615690251158
1497.00641466636102
1500.67547808114773
1275.25691647817030
1543.68975012145734
1495.80991412170852
1404.20672557838839
1473.06337712817549
1393.37074267162620
1419.21041187156720
1413.48069961130068
1478.02717464676016
1374.50285725366166
