1.07626523965796
1.92196046836765
1.1363605922723
1.20655797059022
1.61433056398031
1.46714769791213
1.55033953886029
1.07957429908196
1.0280760163572
1.18186506358062
1.63122023438626
1.90700085643074
1.61493003816108
1.48498498251894
1.41285219900909
1.43728425560393
1.72204669831416
1.94417679772907
1.61324002994841
1.3457030022264
1.57532055795906
1.90051451274218
1.37157604674416
1.89859524923311
1.73444037173616
1.30217794110169
1.19309531440637
1.77608669957895
1.07306296661173
1.8909326134673
1.60288088191435
1.14932820626969
1.81289308136929
1.73924147418665
1.35588617685991
1.4272236453496
1.20638917209878
1.9062257157202
1.50679794443156
1.23446518845598
1.08809077930082
1.13801817835216
1.14146604442106
1.7030208174619
1.6230031608711
1.55431824343014
1.14030507260016
1.3450498587196
1.49849504069355
1.75354510254857
1.69075286141166
1.07381559865261
