-1537.46669592523995
-1545.53745461374774
-1658.18768756365671
-1579.69908030037163
-1696.81866075881862
-1386.68273827730900
-1517.13096613364314
-1574.08568263355733
-1560.30849920074047
-1445.58249128454941
-1509.97691667436902
-1619.47310231776100
-1460.30311948418216
-1529.55998945732472
-1435.64989555121701
-1440.90802035588968
-1459.87908037947318
-1612.31773976526506
-1516.95425391652793
-1610.38845478479038
-1445.31665168315931
-1564.41495327162329
-1405.15101369808713
-1575.01613470938855
-1426.43849450927041
-1557.73550567816415
-1475.32774112086122
-1582.70974333004824
-1627.96405949067298
-1615.29727709059421
-1417.28685100346070
-1432.26874963048385
-1688.43444793404001
-1476.68131330167216
-1528.73248753501707
-1471.04218992316737
-1625.04747397862161
-1514.81887923613863
-1566.79904438856283
-1493.88563227900818
-1524.03734099496978
-1491.68083945843978
-1483.05192252179677
-1683.19115330600061
-1527.36446561578941
-1564.96769325737910
-1578.46324154796798
-1483.52869007361505
-1460.10711326264595
-1458.57757993948303
-1423.84173699679172
-1495.19490260884959
