1.76498564461478
1.42049741531745
1.88500132732326
1.40833333433062
1.20092399800239
1.79442597124466
1.55017606474002
1.73489568370157
1.3946034756464
1.76583439426768
1.92292698422583
1.05710988820396
1.95390357121541
1.49945827038002
1.08412315001903
1.30747890952391
1.24057624267441
1.54870622723769
1.71749302405747
1.74916178302335
1.60018732566395
1.9968389947884
1.76445636514782
1.59445262308905
1.57274046660063
1.49284916068094
1.43772783430187
1.95199538485706
1.16880535807871
1.21810373860323
1.27262192697852
1.93379100269349
1.63860115392068
1.15762325383612
1.34212433655845
1.83952515238874
1.95204922508078
1.89230040176413
1.57442083562464
1.34665270072718
1.65813479556615
1.49734781938482
1.40376258893114
1.6120383663159
1.9968060902305
1.48788573895017
1.91951727583982
1.23738233243925
1.0365919657222
1.63701029943163
1.98654411592826
1.63677929185181
