-41.89196605951772
-23.15598515111213
45.31674807657943
1.70728065693919
-27.03539088958727
-13.37730793947895
-40.56795743958943
-36.49716271581131
-28.68136900625550
-16.23170325784509
-12.37282912736687
-19.12926818979620
-38.28071407824276
-22.17316160988817
-11.54912980905455
12.21999531923452
-17.67066049453309
-0.76799296971938
5.69255488233095
-7.80578185881292
-9.64665225699340
-9.60763556195876
-37.07469472330252
-37.15480547297787
-29.72596029242535
3.44905358714415
3.20010188952249
0.07035738739760
1.85231310113204
-21.36551187614575
-16.28794415071137
30.18042131019877
2.92888100044299
-10.47407775859802
22.15078314984828
-21.01313049124867
0.28330344403309
-12.67184560257172
-23.63145103217066
-3.18850880382064
-30.17370033491594
-14.83125223922510
-20.24690116048092
-28.45487480257086
-36.32485108367069
-10.80048005463627
16.97519697975905
-7.42212006891735
1.77987810037292
13.46072251600945
16.06750584318873
-38.87174568444300
