-41.8919660595175
-23.1559851511119
45.3167480765793
1.70728065693929
-27.035390889587
-13.3773079394788
-40.5679574395893
-36.4971627158113
-28.6813690062554
-16.2317032578451
-12.3728291273668
-19.1292681897961
-38.2807140782421
-22.1731616098879
-11.5491298090543
12.2199953192344
-17.6706604945329
-0.767992969719261
5.69255488233125
-7.80578185881318
-9.64665225699326
-9.60763556195892
-37.0746947233023
-37.1548054729776
-29.7259602924247
3.44905358714431
3.20010188952248
0.0703573873974741
1.85231310113262
-21.3655118761455
-16.2879441507112
30.1804213101989
2.92888100044335
-10.4740777585977
22.1507831498486
-21.0131304912487
0.283303444033047
-12.6718456025712
-23.6314510321703
-3.18850880381997
-30.1737003349161
-14.8312522392249
-20.2469011604808
-28.4548748025704
-36.3248510836709
-10.800480054636
16.9751969797588
-7.42212006891721
1.77987810037316
13.4607225160096
16.067505843189
-38.8717456844429
