1.64023772377532
1.76354858501048
1.06309389419066
1.83769452005517
1.77256052930493
1.60382352331831
1.7025401572243
1.20118224676754
1.34537429192354
1.42929147203886
1.76367910381578
1.28143913824178
1.43683535206916
1.14861716709501
1.61053768480687
1.13331203774238
1.52746217396458
1.28342043807889
1.30822165464434
1.01637553331273
1.21225173781265
1.12531079497436
1.08951513240557
1.25356215809172
1.51201478601993
1.28719325237311
1.64344098914575
1.96926911266952
1.40823236825328
1.44709106462407
1.60965340473207
1.04847009156294
1.21063964916889
1.6727472993884
1.88616461161811
1.98320017893948
1.27657082224105
1.58870476837675
1.18438242524135
1.62194511463025
1.01799623994995
1.94806152905713
1.90338425287203
1.45483159248476
1.09667869568648
1.51392193721324
1.58814363022714
1.62414086965106
1.7973423757578
1.89636528533714
1.64051640296379
1.00959411310479
