1.08640219973698
1.3179965211628
1.80153944939447
1.30211881329404
1.62692650343614
1.38928924332805
1.38329696719688
1.02547325521031
1.35360155690163
1.38659458904834
1.09981916244133
1.11131870798362
1.40221674013986
1.6921309305784
1.54665137713153
1.90472884983976
1.97122537436486
1.20772046838315
1.84028313161818
1.40333723388768
1.78514785495826
1.30538021414791
1.22412316884106
1.3095664099369
1.13029273093226
1.69237009607832
1.33078710563983
1.34378156780441
1.46524373510165
1.56092831844507
1.63152552518599
1.5516459353043
1.87892484007353
1.43306497411479
1.85376474859834
1.50585134304401
1.82235421790851
1.23706171532956
1.53132459825432
1.17595577434448
1.6236563043779
1.63114376069565
1.28727448232811
1.02587304451776
1.32327469127405
1.83392585945964
1.93060189435752
1.29450006517326
1.04164632784279
1.77088502597571
1.69783729906093
1.82679418280106
