4.65449929230928
5.20917179840624
5.28510864183568
4.45388194341656
5.15000304612709
4.55809905746517
4.70663973347232
4.30534121112706
3.58725495798843
5.03099704787244
5.54527308822906
6.50598485471916
5.38435053151226
5.86530596030565
4.67514025516904
5.40249725837067
6.13905647826359
6.46480729553236
6.10447291641774
5.6047668729155
6.02592256251103
5.21428994302781
5.16427280461763
5.99057729073841
5.82404524633848
5.26925714336055
5.28411664809239
5.07649979007976
4.45173315962587
6.03548679612671
4.88518305246837
4.02181379017088
5.99697415004075
5.08587303330364
5.03166136511526
4.2589084584596
4.39628764635265
6.29426673087925
5.12021530187834
4.53950823586889
4.43719504104345
3.77741965155926
4.15742435280378
4.73712691079144
6.19869124339272
5.38853023950063
4.89193972466992
5.44967898387204
4.96526879724872
5.91199397932339
5.97002719586316
4.10312262205151
