5.86355720978246
5.43439395561821
5.41957628014566
4.51941141583156
4.20643807327728
5.97425189606703
4.69650004989338
5.44644180262745
5.61088596846353
5.53267693913823
5.67697627289224
4.40933264339603
6.13045063491654
5.47440228278646
4.19481469498905
4.88586904600870
4.83080096383312
5.97503091355636
6.19403468006061
5.18732100002840
5.24334205895637
5.71981857764905
6.21888519676797
5.22775942204014
5.75521333779783
5.59697824527211
5.33448099429887
6.49928138648044
4.41707401217368
4.91628315577567
4.67810785245236
5.19621256095574
5.26625844962962
4.84999968734196
4.46793953153125
6.02866215527461
5.73983292164473
5.72040521379233
4.58703522011778
4.46265015240001
6.00539770843836
5.01632704775397
5.42794842732387
5.24777960480678
5.40631066961606
4.53834446054864
6.68961428234332
4.98942718895699
3.62530663632075
5.99558022461967
6.73271382135309
5.42461432764482
