5.86355720978246
5.43439395561822
5.41957628014566
4.51941141583158
4.20643807327729
5.97425189606702
4.69650004989337
5.44644180262745
5.61088596846352
5.53267693913823
5.67697627289224
4.40933264339604
6.13045063491655
5.47440228278646
4.19481469498905
4.88586904600872
4.83080096383312
5.97503091355636
6.19403468006062
5.1873210000284
5.24334205895637
5.71981857764904
6.21888519676797
5.22775942204014
5.75521333779782
5.59697824527212
5.33448099429888
6.49928138648044
4.41707401217368
4.91628315577566
4.67810785245237
5.19621256095574
5.26625844962962
4.84999968734197
4.46793953153126
6.02866215527461
5.73983292164473
5.72040521379233
4.58703522011778
4.46265015240001
6.00539770843837
5.01632704775396
5.42794842732386
5.24777960480679
5.40631066961605
4.53834446054864
6.68961428234332
4.98942718895698
3.62530663632074
5.99558022461967
6.73271382135307
5.42461432764481
