836.76114886656512
896.82813029128124
883.58795782470906
836.49002634806448
801.81471836571257
1022.37562724983161
918.56545929111951
830.13190092415232
937.42195388937239
848.74828718641572
904.05031617882833
807.11171552221685
770.07774510940453
871.75669940222565
885.51093626188037
878.75337670515512
900.17474819871506
764.70433917245930
825.65666388457487
858.93794174768766
888.76165920125084
794.52740812565139
809.88525859057006
985.70368593519754
867.79685714221296
943.50304856586092
962.11527388672619
876.37309938308033
924.39656364082737
878.68568897557338
928.70355556052743
886.19307156672937
906.06012455457335
850.09986465615327
863.66812553804596
876.88402657406709
839.30755318383353
829.93467329184546
858.93410830931259
801.46440054319976
911.39855853254619
913.58037158330399
776.15843858037147
939.18120498475434
910.08100427886325
854.31400784794107
896.74515447244437
847.93834574460107
863.52183304221603
859.74848959343126
899.16591791219389
836.73446272285480
