1.65405961482509
1.06232890769016
1.97241084788573
1.38849998656125
1.36450684879185
1.16550616182643
1.16458668567454
1.43756981540358
1.05643877529373
1.76746756805455
1.58689802167327
1.86933185666303
1.50670904177553
1.94278419899884
1.29655550154697
1.71309821387432
1.84900991425338
1.80335344597853
1.9475634023303
1.9371006935542
1.9413716243307
1.0890294462857
1.64012151055044
1.5643747852018
1.6433476901815
1.7804265831506
1.9094246439214
1.14184273040939
1.53397168569917
1.6001775048674
1.215658329062
1.1880313000586
1.66250641302322
1.18806917694773
1.57653128661985
1.02701326134941
1.35357533877416
1.74111797276005
1.46458307721865
1.4100141140679
1.50858554034894
1.05148109842626
1.27934597073092
1.01529458165881
1.9942652974251
1.57590147227789
1.72839279599879
1.84327521167848
1.37925491825643
1.67595619786342
1.78037590476702
1.32062654212146
