-939.20072231531356
-943.74198895722498
-1012.92579910646953
-964.55399386152169
-1035.72358937946910
-847.31319432133466
-926.56760262437081
-961.49105703418388
-952.71814231824317
-883.18782691523495
-922.61624972215213
-988.41458433437049
-892.36850442690911
-934.08873424348519
-876.38322367583805
-879.83423235901751
-891.32568049668953
-984.59310493663611
-926.64384636178886
-983.63739394306015
-882.84363381863625
-955.88366653983667
-858.53874727398158
-961.90385173233858
-871.30508045066233
-951.25763535276258
-900.96016267052289
-966.98710611855574
-993.71359673971187
-986.04596335063809
-865.39612827601536
-875.25626675351793
-1031.09370086867239
-901.47733510191347
-933.41128488661479
-898.78942167365301
-992.79680690046484
-925.53429944122684
-956.87257906446439
-912.17315926549122
-930.89652400378463
-910.99478199916291
-905.63158022703510
-1027.86811243429088
-933.29716216223210
-955.66101530228673
-964.36267174333955
-905.73928412932548
-891.24040573876800
-890.96815931943570
-870.17705177020537
-913.29031040276061
