1.63384929375437
1.75100048061041
1.2312319144752
1.20658976035499
1.24384964082569
1.66895974877708
1.15858514474639
1.4126549989044
1.88706348738031
1.43120707172491
1.34644600159789
1.52566464130099
1.58883032602669
1.68857033815634
1.36518979322407
1.54087955064181
1.58087073945481
1.93961062884871
1.88753225136899
1.2390055345553
1.43695844823353
1.29129484030013
1.8510439008712
1.43376453799837
1.7791805792503
1.77056117671102
1.67114687043761
1.81577254543815
1.40757147567699
1.65769098590021
1.4525518368243
1.04142076943136
1.40869146604496
1.6837837512995
1.24801052978635
1.65254110687065
1.35274349961092
1.40659567453274
1.06519610577505
1.23980698652556
1.83780274672331
1.41164210737294
1.76547162782656
1.42663307228434
1.10021244506362
1.13066142058496
1.96751262292616
1.68108318498409
1.07027204943368
1.85504487429515
1.92008871953939
1.50723049766721
