1.62893043301484,1.9662297083839,1.40275800619403,1.68256301324934,1.98095081559427,1.71458523288117,1.98841801750866,1.60443918761073,1.46177098316223,1.87037257937266,1.26394918200744,1.22065921324336,1.2141945465534,1.77809051367365,1.17593800843504,1.81863405640173,1.27234375396387,1.32648830876057,1.00678244373146,1.38218728982945,1.97448830817569,1.73886465175956,1.14714900317935,1.81633514622987,1.41563311890496,1.01211724244622,1.99722569063177,1.26241593494193
1.51345318672874,1.97854378073408,1.50113487639517,1.14238361927792,1.94477348865232,1.9038928825892,1.82494663299292,1.92572430424659,1.61847811547037,1.81336465003591,1.53016349139165,1.08024909816694,1.68373722894291,1.79411267339909,1.30090831187596,1.89793177596197,1.57220318660708,1.476846320311,1.71656583189804,1.84454694103661,1.80333462907157,1.72334827609516,1.2267342304004,1.7778229367816,1.46221292738906,1.37388323357975,1.59415808301147,1.87784604629401
1.38600047602598,1.59138377317758,1.14026198077028,1.89945366275471,1.569927553446,1.64139685763111,1.04183728203263,1.51470104209832,1.54528973975465,1.86678391502555,1.44042534587925,1.16376785475936,1.6801485645958,1.9705888372709,1.24401695339196,1.36388579353871,1.76470151020433,1.54492526526792,1.26181756903502,1.33690469634575,1.02177158511326,1.97838340093306,1.1814516369167,1.82510621418483,1.70173167656256,1.40818586731711,1.60292915096643,1.16394460395162
1.78206910089686,1.19708723351224,1.04179064977997,1.16806957645718,1.78847100668981,1.18205263101591,1.06752323921189,1.35839856013581,1.82344948864703,1.10936052124452,1.87309960223413,1.36873922793602,1.97614443627007,1.31352494764772,1.53250708316104,1.6562930004002,1.28411378445295,1.776524036553,1.02017879347325,1.04881529419162,1.32144930135526,1.28199636250827,1.38571999053737,1.34322088646852,1.26037976344134,1.56717162791974,1.16832710018769,1.9621114400039
1.97535749523684,1.77125625115412,1.12605604348986,1.7574265961337,1.96834348466636,1.1678466937355,1.92549617259088,1.75681449135617,1.34989932475141,1.99301941180277,1.11521305102632,1.17334881293278,1.10237993258162,1.98831265326045,1.54208804086879,1.07852436838603,1.30183760044251,1.07459512356417,1.73481736925189,1.58595138489546,1.85111916011717,1.75499616272515,1.63476667908708,1.17256846100677,1.03699252523342,1.02048666915879,1.5157893474753,1.29737228867476
1.58765829707852,1.68411644812865,1.259483728213,1.56301579231537,1.45537269881711,1.38553977216852,1.32044238798341,1.42371618348347,1.55338646590402,1.24593856010863,1.18053067437398,1.90328579065543,1.23895797191139,1.2957437254003,1.07663460312254,1.34133790449302,1.28405637819509,1.61872264399134,1.41986227334471,1.58589397863759,1.69331776802117,1.15467964213094,1.17184536306739,1.54443692767268,1.90967580485608,1.80661204215447,1.71700538914511,1.9466683300895
1.82709871131326,1.23279473615475,1.24404061829859,1.41475700839178,1.9169111842834,1.50352434697725,1.97777280070715,1.37228388310051,1.88906411914577,1.2982151882249,1.79600006658398,1.44245058458413,1.54415374833353,1.97653074095795,1.34573637477389,1.78311172024492,1.27227446589259,1.42237097789644,1.12444962473793,1.55633084408768,1.04109362142211,1.54431189808264,1.14222482225961,1.73441138944328,1.69899154021358,1.314070185327,1.27884831711596,1.608667344604
1.12068222701581,1.99585370626107,1.5553356746935,1.94778093832907,1.22864844195016,1.79937629299209,1.3625379462552,1.14555962623356,1.30290063950368,1.34031074649669,1.51784350933407,1.19196475818379,1.63852593472159,1.31384357545238,1.63441534276792,1.18267968305511,1.29037431594467,1.98015171754181,1.96579140330003,1.56264878183727,1.40252269497259,1.0902410275723,1.11897962545929,1.44361631686036,1.63455292565494,1.2612044477189,1.17802770583799,1.33354446540286
1.5752746330459,1.45687602295395,1.94221181047252,1.69595686006171,1.45272972874936,1.49754748470036,1.64373779792513,1.68137817116518,1.29692377722679,1.00627574418032,1.82693779739874,1.59982441719613,1.34658649067701,1.34478130626715,1.79178917537992,1.98511242586426,1.65862488171953,1.42620451814784,1.16779210845371,1.9489991976642,1.40635623522399,1.13358351128808,1.51164797903581,1.80887893066224,1.22382453932605,1.63062760449509,1.25249524705694,1.85837746498099
1.89183205221399,1.43052295289492,1.19192193038385,1.46710668479423,1.88739897631453,1.13413374039071,1.16306354439029,1.34012870459823,1.63168122509107,1.80680134231541,1.02150687529776,1.92860500231786,1.81307708649574,1.8484446726965,1.52842941904833,1.15966357717275,1.19322597849799,1.32021859442825,1.14477600257135,1.85185086021752,1.74642311257609,1.31256811102506,1.80085005741606,1.15277934733442,1.44615162231315,1.31249803598621,1.96165827799666,1.6699761616392
1.9431256404813,1.21415352458793,1.52835362662019,1.83495769222963,1.64467647794852,1.72027555700404,1.30206437655821,1.53207545379739,1.85440929739476,1.46512792094849,1.87220415839562,1.48609052202017,1.27192926326391,1.89371103415904,1.41469552387236,1.08500634929398,1.74215570638988,1.94312494338636,1.24466992646673,1.93538168535353,1.26334353734895,1.38944592903808,1.78723254510538,1.00976664945938,1.70201404006314,1.58808260252144,1.1625459967938,1.14816566237629
1.90058063850765,1.12420427479046,1.81814182401548,1.84370627898895,1.33835779937839,1.34649545017001,1.67866397075293,1.98303427732691,1.06677100670839,1.9807283477768,1.51510973065864,1.92118030410315,1.44585626825963,1.38731388905426,1.40727082565765,1.71778553152354,1.28102492274764,1.82196634999568,1.80279188128318,1.02318062867186,1.76509129291637,1.04746180728425,1.95856231402539,1.02843482979966,1.436907736788,1.74579485913077,1.03820147925904,1.13892177638548
1.33387746118655,1.20074747605284,1.28708743876176,1.23445809922854,1.3249517508433,1.10522926277725,1.07816437775184,1.66330955068735,1.45172471294726,1.75682834897043,1.6463438275486,1.51849572012131,1.73755669628156,1.16145355820724,1.4396760237588,1.18341296407553,1.5487674472615,1.84694684988211,1.90119849606473,1.82979237000914,1.66891319941213,1.70399037688225,1.852972998681,1.43400449186284,1.7514521841665,1.81153531270639,1.4624393216625,1.18835992048884
1.5573301713715,1.50064080092154,1.32728169733998,1.89120763255805,1.70138827697439,1.61436913610174,1.12566573132093,1.02634002781768,1.71959839887898,1.20383010953843,1.68964957850503,1.17132311182624,1.96065845850886,1.33599340558797,1.68981883194755,1.69821515432476,1.4974469637952,1.12949485524068,1.88162811840029,1.04621441059104,1.9764417051228,1.78282661399936,1.87600678060018,1.64535490406926,1.48681699041595,1.72897977928118,1.07935939546645,1.23826917458245
1.54051509152191,1.54179871712895,1.42662909507129,1.09784526242774,1.04243951758483,1.75391079241126,1.98905289498579,1.74382779502488,1.368279928513,1.11471862584107,1.77016782284256,1.08787832692632,1.3185487353795,1.45981740088194,1.25920143875256,1.27920719342269,1.7958108064699,1.94902027070011,1.97742234774745,1.29325777026511,1.07851512594079,1.85905046614774,1.33947218085615,1.05495683059793,1.64187707968144,1.21547896145632,1.70031173513285,1.12869407009738
1.9444587407375,1.7796711305993,1.36696324467983,1.48497383179375,1.32146984772825,1.79359233975112,1.58281909422149,1.36390936531309,1.54750313216238,1.57187198874162,1.10773715987231,1.91578306067539,1.68659061458269,1.87790498271487,1.00366138713605,1.00513934996218,1.33772238313114,1.26286282635427,1.28434654338488,1.13353318960105,1.21188309658872,1.26176889113233,1.42679095986615,1.29039822252951,1.12081935681441,1.7662631407223,1.3453550535931,1.76269643649584
1.98174210217862,1.0456667882603,1.89139050659323,1.92620084245047,1.8253379188596,1.2583537508074,1.41117467377855,1.14680776612219,1.05194609055852,1.99399376800004,1.51071713190094,1.5994492227209,1.565865756276,1.61845429177324,1.51523228293063,1.25245637085869,1.49635927448811,1.51889367006668,1.25759572082087,1.83408165761925,1.78175649642095,1.54194226420575,1.9676148472203,1.99363959347533,1.80371115533808,1.39440580662079,1.28403781553918,1.92453051215249
1.16066894734309,1.62939286913229,1.68722694864833,1.14241104905606,1.67505965739259,1.5786174547759,1.06861189150652,1.50039757625218,1.83697120604896,1.47978656528508,1.64720534237437,1.88891729660747,1.47378033328512,1.15792247380965,1.48836651886272,1.03964608909546,1.77637676604855,1.00359880132768,1.29210245995415,1.272736040071,1.52249247139436,1.54969818077502,1.10681769722459,1.30424896781531,1.09164044498077,1.07443254444489,1.29788856082498,1.89535160031885
1.46883835106568,1.58192637636416,1.81988211247133,1.62950729840878,1.21131924549645,1.507109060654,1.7719183479305,1.88637890288903,1.08572651496424,1.84053023943702,1.38677647867556,1.92269772101319,1.32031680425644,1.03398182104993,1.81161501715501,1.79409713754156,1.19190429485957,1.29998153555206,1.83374322710267,1.96828106090812,1.30358033687974,1.12584568659116,1.24101710051346,1.82607280873976,1.67554386783184,1.3478347982037,1.13032177608941,1.7671843128126
1.42226734264859,1.42821033691438,1.66253591266579,1.89110569371428,1.01013671281288,1.48241802467146,1.52061299212305,1.22145595830933,1.98952708532546,1.29253133958789,1.10783486119836,1.0752536002897,1.13306157855925,1.49461133987392,1.99795132130289,1.45337838281569,1.52859316092385,1.8095663384579,1.24747552035725,1.72049745624908,1.1095478735443,1.08121874699426,1.68877851669154,1.4131282108897,1.20706443358542,1.92979561767066,1.2392010191638,1.88260830141725
1.2776304154087,1.36952279525321,1.6497926137642,1.69989775805729,1.7977331321676,1.31232852642998,1.59100345130591,1.80786984498048,1.79474655110144,1.1116164429633,1.02932580328981,1.7842736364269,1.40414778255119,1.13716066448817,1.8595272367166,1.53720936111045,1.63177200436209,1.85747855755383,1.9905877443918,1.16036516528594,1.66704489554607,1.23806326428338,1.88086262153502,1.77659276955602,1.31928201127764,1.5696411377609,1.18972097998006,1.52634644486306
1.49943675496589,1.42892199914387,1.40895474628031,1.77706717037459,1.79844479439708,1.05874735957885,1.47696492796622,1.59617792609901,1.37107588600883,1.06796837927213,1.40404777061383,1.16582243711027,1.17958482223544,1.43337357390363,1.95009607353718,1.58373260525229,1.5705342383918,1.80962330978812,1.12094196589707,1.20230624275389,1.66710186687629,1.11152970982321,1.36267140803983,1.33414676242235,1.34959297410659,1.24353402910919,1.11073953151272,1.66887498538423
1.81317516687008,1.30046051149278,1.19522143024729,1.31261192183598,1.72938251063665,1.6041761765276,1.08967909174491,1.52782730456806,1.66292353610644,1.56664402017679,1.12400523020141,1.03399942211527,1.63461239944893,1.52805300081524,1.19982185922555,1.81419722168436,1.96142657518453,1.14991793229706,1.39792982647099,1.53196081311068,1.95954124208518,1.51887179283373,1.73426705586457,1.62664310849581,1.63040150265694,1.09693846343874,1.96078987091816,1.97999447722919
1.34047249254793,1.07152940196522,1.64886946214776,1.15364765941801,1.371989913458,1.84409089239505,1.46625958125398,1.10137242362898,1.44826706845698,1.55593867299889,1.62919972819705,1.11119060456343,1.12258269271002,1.75320495839846,1.1451900266787,1.75719509215895,1.28125795921369,1.34501188590425,1.57139231384331,1.24268453393256,1.49492981820131,1.9693221403143,1.77464534704324,1.45447105982083,1.48819393268237,1.50891240290781,1.08111416785098,1.1185954353393
1.60585086634655,1.04190403876915,1.09858991210283,1.94632335936014,1.11343344073437,1.74745937425059,1.09997101831249,1.48542335465803,1.59155026664564,1.56623059956647,1.58679577828701,1.03981733463696,1.1221692720997,1.21599550648406,1.15100793920039,1.24475196527538,1.96920046488252,1.29619796587909,1.00194705696867,1.25045842363055,1.64120985178333,1.57333937081198,1.49314295756311,1.13613966951898,1.54266151112628,1.26778830460635,1.59061072933982,1.03085544334299
1.77670070751417,1.67172489765646,1.14945087868229,1.38255157339505,1.71362893642561,1.24804079078512,1.32887493228953,1.82706237715998,1.99550016550138,1.42884595060202,1.31248573135235,1.58705043168135,1.99507655016849,1.89928151010502,1.62686776631832,1.11724582226819,1.11527701612342,1.77787570598436,1.36199778754357,1.08447748054027,1.07407367139779,1.36394484451224,1.33493590463648,1.71528352364678,1.93728421578989,1.8280788621996,1.85142319316576,1.47994572645051
1.09586716634029,1.44203392250558,1.51080116979349,1.87256787385445,1.11375881969638,1.66025204894145,1.25511944724951,1.82738775612199,1.90829283972657,1.58399437953904,1.65445013281631,1.90379300476229,1.01284033014106,1.96693586463432,1.49084343597798,1.00791687984388,1.86621737427368,1.11771120229629,1.12516270211207,1.9814943903971,1.89558690828066,1.48716048965564,1.06597187047171,1.96966057967844,1.85110533463354,1.40090777510819,1.68494410285956,1.78838954995777
1.22898663730779,1.53636729602533,1.26833527594262,1.32485380364808,1.97840121853091,1.77913644573611,1.19742167750253,1.09216003776163,1.4393884942119,1.45254112475204,1.91954779388362,1.34768133393847,1.03653550382542,1.57399792623427,1.25147433823509,1.04937583396648,1.54093379040292,1.74231777467873,1.05729271427602,1.40715116421094,1.86002897697502,1.18245541638809,1.38864555414237,1.75561588479002,1.66961590650939,1.45461742507975,1.7252764640028,1.52072124067728
