1.4207368089914,1.89762281249167,1.43968103986219,1.24079869233109,1.56683136828562,1.36555539042016,1.55856067899548,1.40473419213888,1.99588404735359,1.09465591287923,1.95581640906437,1.48331148898383,1.74397969932481,1.68799885813519,1.20628043785984,1.35619006648482,1.98068661195258,1.03588625557529,1.26763670391759,1.86079383169338,1.45782087066109,1.21335774949442,1.16010998895397,1.73805032472035,1.61811204981902,1.86440758866463,1.83030835018973,1.68831538254782
1.94769252973967,1.54025348673586,1.05506928267659,1.36842933826541,1.43787629876187,1.49475032253878,1.6092280305965,1.00470766704749,1.86030571295894,1.16778870912631,1.40944185918637,1.85618976031253,1.26244462200554,1.36525826778508,1.3395012488307,1.00642432086469,1.05325712545461,1.54578168669053,1.36261438734951,1.03394373694153,1.58166794226583,1.6302510912671,1.89473756863491,1.03948881246126,1.84360884076152,1.05484755712321,1.77753913718161,1.46172089058055
1.91925514625351,1.60784748737134,1.15003627266271,1.86694767552751,1.14810097364155,1.2051055553393,1.23537701332726,1.58597727240342,1.69985587787808,1.84460504392376,1.5906849394509,1.56016159037136,1.01239375258442,1.00012679817161,1.41635135021822,1.27483837458996,1.36538506595669,1.75585259904892,1.28126269545465,1.41864219141129,1.30163428527379,1.64387708280416,1.45258592835282,1.88330222753962,1.2741281736056,1.34732349652207,1.92279104000087,1.11773701390146
1.40217105411094,1.70033017718249,1.57945790448201,1.32142619989879,1.30817766408817,1.72949417714472,1.18837387496064,1.45627863772971,1.93459973248402,1.42375088828791,1.04225590966747,1.63445560989643,1.26835593174601,1.63294084958403,1.19461720026779,1.28074968433043,1.63306764775564,1.61096855048601,1.55558805892039,1.99845271417799,1.36682114953493,1.83685075437503,1.41709490512362,1.66845543480872,1.48072783671353,1.86968083394211,1.55175766234834,1.75485601031913
1.21700432999851,1.47454870188355,1.87259302422059,1.61917538410946,1.17487887860037,1.4520509287026,1.94060158400824,1.48305654268854,1.18154510538166,1.12897545850322,1.93933518041826,1.11614483786567,1.55272634679113,1.98159109055139,1.75060044776211,1.82108227853714,1.61453193966976,1.94521764802989,1.1018319624019,1.24759958695974,1.5561861985159,1.65742002132229,1.24605230067207,1.92300734805083,1.49427077523166,1.66314720626136,1.59146278239389,1.97499861194519
1.5328280397378,1.14322044427657,1.72985462179866,1.74983236973632,1.61776914662578,1.60244764601926,1.36900775384577,1.79264802522615,1.0544985742562,1.30960933738836,1.27570456791469,1.23604367963785,1.43858479635724,1.21503974786729,1.35218851750353,1.99131114314837,1.19663083795301,1.10278896526563,1.81239342168551,1.81116277762277,1.04800661282987,1.91422538408741,1.05876236458251,1.60419281134577,1.57164540540969,1.30481466525458,1.52720015893094,1.06591618017569
1.96796187151594,1.11866294132483,1.04091479212088,1.50078991078808,1.2618833856014,1.77076941391955,1.2506222805244,1.87965253222718,1.37321705947314,1.61963003437018,1.67230055745333,1.42771563372934,1.92923937175853,1.94800512536802,1.66375931383286,1.36782416765011,1.16304487276964,1.01594783087072,1.35913531079848,1.35967571118831,1.11873679613636,1.17152873201833,1.17083848834542,1.16674340943189,1.08575411564007,1.22960085292794,1.77093622077766,1.65739952104976
1.53441551864818,1.2981363797086,1.72331570169112,1.50237738969847,1.41679932103343,1.764230493812,1.00316730048655,1.67868270663483,1.53499990726588,1.25378958101095,1.55833523886201,1.90821696720469,1.87341961538113,1.23063579584967,1.33593260046837,1.802658986674,1.17864092075203,1.99969191430122,1.17048315432411,1.34168579352167,1.01563974517195,1.52961846512259,1.70136150470998,1.1343765413083,1.70114719714091,1.87219999352107,1.30111995074019,1.78690131278099
1.10180084598335,1.07205617151785,1.44430083383075,1.63621636463153,1.37019255122644,1.1676165350562,1.13859375433,1.78699187225988,1.9318470288682,1.14176105481654,1.46567457842905,1.46684693566842,1.3955506358275,1.02400981682539,1.37506390240745,1.26897025074296,1.25464561267507,1.71099650334148,1.0716292369513,1.43328653342709,1.71068841717704,1.24211239127541,1.77497232741442,1.72632816234898,1.771730856398,1.47633383165874,1.86070470412295,1.47287805307325
1.34853382471415,1.16182465439747,1.25977936585424,1.45033467116316,1.23388082591532,1.70408019968499,1.08655103532902,1.60407337714176,1.87169673474119,1.22514478965902,1.39106524893598,1.80354376314373,1.36690584447556,1.85673982783069,1.27039069834649,1.76245648030306,1.88074964465608,1.6454546012196,1.03142673058036,1.13539525733115,1.35645110409542,1.10305596799732,1.56868179075824,1.06713952080679,1.34516835927273,1.343654117707,1.79346768362143,1.11689921567072
1.81998794983141,1.65417238727872,1.58977726874397,1.16852177407989,1.81599704167619,1.84955663459821,1.61885644524305,1.04987786759151,1.55363683381753,1.70540748103774,1.65395124473327,1.42533356809306,1.93055227069676,1.04501649366925,1.22887733077112,1.29745811517232,1.90175632149994,1.49926802958328,1.05991459500972,1.78250596569036,1.14472263033722,1.09134132605574,1.91790122302151,1.50117373443263,1.19439729405306,1.48658301377976,1.56831325523942,1.53956565332579
1.83023713148676,1.3617809383952,1.65646486899651,1.6502250808525,1.01595332520825,1.24624213774048,1.81874685539806,1.83195036735011,1.09579877187302,1.43760330017544,1.88182823494162,1.64943560615621,1.14301078074752,1.53577947920923,1.07476917378361,1.07356305144427,1.58079597287848,1.30364650502039,1.3710211666166,1.48255229391276,1.80291453460367,1.43093576162631,1.26505825960313,1.94763716494089,1.52227708768206,1.18295948215898,1.44881089890786,1.71667438173512
1.66954249593874,1.01712415368162,1.2562400350609,1.49977962742549,1.37890509254248,1.91270490405741,1.15000470781233,1.39485841775074,1.15894704133223,1.96875156321039,1.22680878463518,1.25474581367092,1.40635486338584,1.10863701911114,1.90418141982713,1.54936564413335,1.64441649878603,1.97895059361074,1.62292869557763,1.22521247119886,1.28259709816547,1.99394986219422,1.70776476557728,1.08551163230348,1.42488562382054,1.97282302518041,1.03314879677871,1.94716271150259
1.15578250687373,1.48195969568657,1.66383709323771,1.82532500327813,1.49908384983385,1.92007712829862,1.32510463023796,1.87798894237633,1.83278203189037,1.47510933805029,1.27284735966141,1.99172907368826,1.44386090126068,1.49965614476225,1.24647488689352,1.85021576464652,1.60829316387339,1.15065630625498,1.39958140831421,1.25270966219376,1.12960689940006,1.02251010389184,1.47792213385828,1.41220399803119,1.0164599656204,1.1856868989699,1.49771563033467,1.44134558944094
1.15850992368465,1.53086442757904,1.38850830094354,1.31429243055838,1.01282412279994,1.05234539371559,1.13961743337084,1.5119079726338,1.9724225220142,1.4647220636088,1.38989691454447,1.80520455343891,1.93983140212476,1.66274427467154,1.79693362666151,1.38369230291978,1.16240041896813,1.04340851308937,1.23390806710064,1.77069358284152,1.19406481934435,1.63348947541485,1.02340324503528,1.32367171921007,1.65599957930669,1.50132537889356,1.73587571724126,1.67245954539276
1.68701227786346,1.23359134711027,1.11380513436804,1.84552220154811,1.76445577468931,1.50231343531158,1.15981463164082,1.77727989795491,1.55465882902716,1.29943206547733,1.28918787012305,1.5270813505757,1.76415412908613,1.67908478513317,1.33228590401462,1.70398553074523,1.34182905933905,1.12921953021047,1.08767783319935,1.50422947830718,1.17262804376549,1.32158590029999,1.27492306068303,1.36669286310984,1.9550753761805,1.29832630571831,1.69036458231991,1.61107495502153
1.79965168461187,1.42624029909551,1.28353449994863,1.48666396200967,1.65983164667144,1.39733963478233,1.33218616309212,1.42428742089508,1.8996530700939,1.4920007951986,1.20156731838433,1.45431189912106,1.79143286067594,1.49075518897304,1.98139324969677,1.55558698929641,1.16983997364055,1.31367915324572,1.25957252004164,1.5116690329796,1.44289868392185,1.34725035324099,1.01589851082112,1.61552672768735,1.66883625400664,1.29082157150415,1.98221959079719,1.62391162972148
1.58914787768812,1.6725841731171,1.23498658427735,1.38879956183434,1.09882447174696,1.51852108469164,1.87546352430967,1.7586561184184,1.91586071947397,1.20764968693613,1.18294353931348,1.81551378910221,1.69965048213473,1.38451085769781,1.26982568775761,1.491083342345,1.87526604667086,1.25121893745438,1.04667033164141,1.04510601984575,1.56489809070011,1.30624285168305,1.55677505282535,1.0077967741563,1.65349320492404,1.57267356364647,1.62332350184364,1.32232945846502
1.86349513561628,1.60554309264084,1.9462410881865,1.45264301283874,1.27812726529228,1.18122767246385,1.84144257467307,1.37695173703923,1.6997487571555,1.71690609851708,1.13560785545763,1.6156094761638,1.92455578591887,1.31855139477111,1.43112326480035,1.62420626758794,1.70306225246892,1.70094895302362,1.11528960993294,1.57832829913978,1.952167890478,1.16195994157435,1.62343431898553,1.51706598071245,1.46820279325741,1.18020937181088,1.52486275533441,1.12169599771579
1.75288293545734,1.14818625671239,1.44402545664647,1.61637807060796,1.75372934935322,1.39026654436731,1.06902108298103,1.03185661417984,1.57149421683117,1.91046365811977,1.40880835168474,1.271242973521,1.62736975617119,1.54441620714237,1.8868524496848,1.55192554162439,1.86296760191348,1.31797571448515,1.17613180921233,1.56602985391674,1.01892466704311,1.29142141914527,1.14435815259086,1.97109255752111,1.45338136071962,1.76779247204205,1.4881585377679,1.92158415397703
1.94800184385292,1.01302129263665,1.04328015122715,1.7008847788446,1.1612075498147,1.48730560787362,1.31726284945256,1.91493689916792,1.8775721527066,1.3862839324336,1.94679351381343,1.4490663690721,1.2967475900877,1.3556018650325,1.72030934305876,1.92411734672455,1.90001807217487,1.6071617922779,1.47604288788328,1.76298567362269,1.92513750676305,1.65217469709561,1.32901552707377,1.94406217380616,1.94359611624088,1.47337368013029,1.91515473086161,1.39697747649484
1.24116615170667,1.40331326862951,1.31856163000621,1.18916799509393,1.41633456126616,1.36184178169902,1.89005277393854,1.57754211108086,1.84914738957265,1.20731562292544,1.49247901024878,1.72671954181358,1.5935995558247,1.43927252359654,1.17578591088568,1.8903471459124,1.79487438862905,1.89609525394444,1.81446449217129,1.69489246033826,1.50325704575668,1.29050738005457,1.45787813349528,1.42839455251973,1.94268207715018,1.78689366056905,1.37245672586023,1.88627819339106
1.26026734023367,1.28761145672184,1.28325566942024,1.50143349194035,1.69092472535135,1.60181729989211,1.69060148703428,1.10725928615185,1.96365908159113,1.58065426097282,1.68480139769837,1.81280647069812,1.78796988389826,1.17728040748149,1.5395260125117,1.38156943925729,1.61655293107804,1.71531192339738,1.27191658516969,1.41142731924142,1.61140717687616,1.08638107687532,1.10631977911402,1.11466422216718,1.37688845692989,1.5641979126093,1.54305877468691,1.31957053408007
1.35109157271268,1.9155155010128,1.20584872700546,1.61135891341202,1.20312695726898,1.4891043964257,1.1127924048867,1.89405168262033,1.09092169585215,1.80339389238665,1.00131096830653,1.05458077697762,1.3840481528938,1.6861123660049,1.86738724814141,1.1720180363264,1.86339277348639,1.40691326018745,1.55358747604936,1.47994570409877,1.12222518311917,1.82550406121905,1.89137302334019,1.73363235999534,1.91188513809437,1.9976928024542,1.84829658216252,1.28877359502426
1.56189071459784,1.39135535684943,1.60834412910433,1.91298228777618,1.30687085739657,1.81419285610979,1.52434120072254,1.50999781466555,1.30329725206983,1.63713360560924,1.40404949682022,1.39421894838764,1.44052749753023,1.40536046512675,1.44879972536527,1.82457565042403,1.09147283113164,1.31618697304101,1.9965936872161,1.95486560461804,1.72310023322846,1.55018116279979,1.4348113087168,1.84532541634763,1.37568522355318,1.32618433159133,1.5789577758773,1.28757036118189
1.32387713404553,1.42725435803982,1.57634395620615,1.88576784864337,1.81860971488925,1.18468808484482,1.79875013595389,1.12548057182016,1.99888094095461,1.32309133621077,1.63547838648571,1.30217819302444,1.96022494228567,1.03952788284026,1.69639714141209,1.40075243935024,1.44488834796701,1.14519686631169,1.22532808977427,1.53636117909866,1.46138383981836,1.22192177652471,1.49122678371669,1.18448407258116,1.7721029393245,1.92603809243349,1.02980948892879,1.14778816241202
1.25222242355916,1.60876726480609,1.43535852359392,1.57609955760469,1.03602162238025,1.01170247980007,1.46186740624805,1.8546313372695,1.19639056464489,1.26061754173628,1.98011190908966,1.1952715055995,1.58370887841271,1.61559029510971,1.49744969862394,1.54393382023272,1.65511817794997,1.19384683957037,1.94468625958296,1.10000652591698,1.33904370588206,1.17001434889157,1.63636770501564,1.80042754570042,1.39193612541628,1.12759448826667,1.98491161874724,1.16403906427512
1.0536325802345,1.01472110721037,1.31182722668714,1.30585500425932,1.62348837201646,1.74718575074672,1.881954561864,1.65950999486237,1.75888823054679,1.3438219676464,1.51414133166621,1.95527879519168,1.60443950984834,1.49425324075588,1.15055030032552,1.18814838779538,1.10984353539992,1.64799999894947,1.7320822080281,1.76496171381556,1.84184683851984,1.6767684671454,1.86496823973254,1.1808905444019,1.84678281650263,1.50133594428251,1.98131809010232,1.23871894145325
