2676.56297746578,2799.59634856472,2787.80539917466,2499.86788666885,2660.94427510723,2530.41866193614,2728.86212582744,2853.20695022025,2831.13012857176,2815.2255129545,2803.23293176299,2835.48293101898,2788.22016436982,2935.53074007795,2822.30128856547,2732.03129906139,2794.56582830564,2662.0606612869,2944.87196821696,2614.83134696689,2765.9783855022,2706.46389940769,2723.65521958358,2824.14079928294,2596.65216334775,2806.8054717053,2529.18871304909,2808.46815620181
0,16.7749052944356,12.9336676381816,7.39334102386145,18.7784591231591,11.8310656753347,12.1167051011871,12.44080255415,9.186424555777,8.55621557959186,9.91857549940401,20.8996464605743,5.71514471383874,16.6014809760138,10.654975681536,15.1564042062834,7.71588373951542,16.0080161263421,13.3661435620064,14.8753493218836,12.9530476490981,16.2091305271518,14.4077001954153,14.3385276611559,10.5976206373404,15.7805557836626,15.4967209702934,9.74265530972202
0,0,21.5676159468144,10.0450507905409,6.26998517306373,5.45972474113259,7.38300126654004,3.54470783443704,4.19860124123921,2.28850428033181,6.28013277497035,1.35860644790166,3.13256081166319,6.84853032940264,7.00828529001207,10.6158294956663,8.17177969666023,9.85360206330036,5.42971902072868,7.6564162623074,1.37703444994764,8.19524856784724,8.47158428387277,7.61145655838032,3.64976163077931,8.18887323993116,7.18060713124544,7.05655776213884
0,0,0,14.2141467165913,9.67241297197168,7.98750001129555,7.76749339163277,6.85633849439361,8.64643694580866,5.22270050347958,5.76712649566966,6.19091970954977,4.02366440414398,5.54892100167873,8.13940762326023,4.42036148040919,2.9709390380915,5.76130715939087,1.4086760108077,4.46750947985476,6.51813119771023,9.17511947417361,5.00002310792584,5.90377792796994,6.42088052951393,3.87160109300366,5.83829212292906,7.2563287927769
0,0,0,0,16.6843525481528,7.10593174296581,2.23974513281086,6.38284142335432,1.76531898213841,7.76646839665814,-0.175402581745093,6.73278170725534,6.27785070146301,9.59137250247861,8.35412670537197,1.11411908868267,2.18153311633583,4.96687465014744,2.81425456761257,3.73575074332109,5.55898950224086,4.09315709533123,5.01849533435573,8.11779327649977,2.71956095681623,0.596194212419298,2.08137455229972,7.7182740301537
0,0,0,0,0,14.8885055244528,-0.649150312286319,5.80408747814454,-0.279946789886214,1.11255876824008,4.33690437093194,6.10621480860786,-0.832372677211825,3.22067333232375,8.20696699013271,1.68637935574503,1.10243410665045,1.04671153419224,1.78611783088233,0.994754982688635,5.7065144961322,7.16970570263905,3.48325552859375,2.23231504052175,2.86144133549589,4.97285197919922,0.515382626281609,4.97164957131959
0,0,0,0,0,0,12.3526015442962,-2.63762613498695,3.83925834942377,0.574857598495996,0.604243279667909,-2.20159645787572,1.48959219937379,-0.725628169234656,0.786263394408004,1.98818602901841,-0.061358166667212,4.11202304261484,-2.10857000929617,-2.44175329898393,3.56331452910618,3.40678834986693,1.75876984128324,-1.17746907169351,2.3084753006331,0.177035368089579,0.695265561938366,1.98999724319809
0,0,0,0,0,0,0,18.2804177730971,-1.02899033195368,7.89691438050903,-2.71470588885902,6.41391172162866,4.3503808539362,-1.07516042778247,2.73957434864926,-0.0870403550282233,3.99945480025784,1.90288029097749,1.47932931504345,1.28958859226224,11.0369922619368,4.80210607788613,4.37423717362593,1.25509380707671,-0.555283915680884,6.17908321988724,1.53776898117576,1.73601462183514
0,0,0,0,0,0,0,0,12.5396924459566,-0.917355735600922,6.70451189053863,-1.05508817218518,6.18763511259638,6.57904274693039,1.82491169107436,-0.0191705253308419,5.19685541278136,5.58371607645384,7.31970847193186,1.90223273531472,-1.54792184814023,5.25670116528521,2.89577457640065,0.628552382975389,5.70265840167809,4.70326668271379,-0.263003690476232,-0.277570557849913
0,0,0,0,0,0,0,0,0,14.6514003346711,-4.03601972031419,-1.61406222294902,3.06090387154483,-1.06792006156091,2.67626344882085,-4.05186205020097,-1.47780772687954,3.75606178107653,-1.16089431521683,-0.972236600106648,0.741429307189636,1.65632808475251,0.814082979065192,0.660896378778167,-1.35149669437595,-2.47756551780376,-0.543698706070373,3.78451269227647
0,0,0,0,0,0,0,0,0,0,13.9276514402173,3.09940176004415,1.38123567970618,0.651367700840843,-1.41043530229312,0.328022552505184,4.5201977464963,-4.38217561476738,4.6820083357954,1.83807805980687,-0.0203500346797328,5.2281167268274,0.957154433623763,-2.84894645830686,3.49148534870402,3.09114575029762,2.13622002654238,-2.11761885618922
0,0,0,0,0,0,0,0,0,0,0,13.760103308571,-3.27771083718428,-2.18734774072375,-0.752983098189099,1.73715472872678,-0.415605141447151,-1.78917412201375,5.72293233711276,-0.441954864356787,-0.283357189287871,4.86444944641525,0.352895528998256,-0.654363039496604,0.458643459971421,-1.31874870140687,1.99553147381967,-1.72580850344442
0,0,0,0,0,0,0,0,0,0,0,0,13.1996090481301,0.705423213172733,3.61598720489853,-1.68014983930634,6.55151452030124,-0.629493267547641,3.39136868517431,-2.29714079749606,0.598837122818676,-0.246589521135138,1.32823088465712,0.557985354096584,-1.12795318736456,-2.04825839145531,-1.75734415049805,0.0968871021698389
0,0,0,0,0,0,0,0,0,0,0,0,0,11.6340619561206,0.17888908602555,-1.90351779847783,-0.872686029348881,7.24890129924658,4.57232770033399,1.70525939788956,-0.65496303049571,3.55748941653878,5.42764224475174,3.74677085186151,-2.82948373182324,2.50608826675112,-0.438972034404795,1.03286306517807
0,0,0,0,0,0,0,0,0,0,0,0,0,0,14.0098528400879,-1.57542653643908,1.00661076826864,-4.36889471632662,-0.8770385754366,-3.43194035297081,-0.63127987781046,0.2228375182075,1.85318505980092,3.38876103803327,-1.52833898928307,2.92057649113132,-1.12594571874701,-1.1051143401297
0,0,0,0,0,0,0,0,0,0,0,0,0,0,0,11.0857504061756,2.9741637411198,-1.15784215838524,2.82940828253863,1.57549741708377,1.04236533158774,-1.53551026398626,2.05074239669389,2.63006660751741,1.3381778158661,2.33164394905856,0.799217189393263,0.122188021671825
0,0,0,0,0,0,0,0,0,0,0,0,0,0,0,0,11.270331465019,0.733852761343248,2.44816450145253,-0.549238862146685,1.59201698986524,2.2247809811787,-2.58178991847207,-0.748257806806221,0.547343457391312,-1.71653096043726,0.58673193932657,4.30357857768938
0,0,0,0,0,0,0,0,0,0,0,0,0,0,0,0,0,11.2590007933083,0.263668493469043,-0.168761867142016,-1.52614470804178,0.553850499014066,0.933371792728983,1.27997325437186,0.146611774233713,0.520498639906673,0.724407797016717,3.56625082961051
0,0,0,0,0,0,0,0,0,0,0,0,0,0,0,0,0,0,10.6160203212908,-0.934711404023269,-1.81835134447332,1.92418069733651,-0.22317486497682,-0.77432748783383,1.96939542817089,-0.279607104401318,-3.12049477811433,-0.452360478542415
0,0,0,0,0,0,0,0,0,0,0,0,0,0,0,0,0,0,0,8.82827447733205,3.82583315775028,2.4239711662571,1.21460333235144,-2.48415649637263,1.37089137301756,4.52465865243173,2.28526194117709,-0.490279690142579
0,0,0,0,0,0,0,0,0,0,0,0,0,0,0,0,0,0,0,0,8.83940232863767,4.93181566650476,1.37174108600479,-2.70683859179897,0.987313816414041,3.0157614653199,2.24026616458174,-0.113897034027803
0,0,0,0,0,0,0,0,0,0,0,0,0,0,0,0,0,0,0,0,0,12.0719609841779,0.0865895621451927,-1.60071063865913,3.49036631904542,1.41170685887587,4.06126482936642,-2.67634583817414
0,0,0,0,0,0,0,0,0,0,0,0,0,0,0,0,0,0,0,0,0,0,9.6152299995698,2.7762656485297,-4.05293945923818,2.00378299466001,0.0328781101958281,-0.819766736180036
0,0,0,0,0,0,0,0,0,0,0,0,0,0,0,0,0,0,0,0,0,0,0,8.67958171898396,-0.7285692264091,-1.83253233346142,-1.17219386102826,1.8230004497826
0,0,0,0,0,0,0,0,0,0,0,0,0,0,0,0,0,0,0,0,0,0,0,0,9.06095568447657,-0.35065390982924,0.962954619858005,0.749064480283185
0,0,0,0,0,0,0,0,0,0,0,0,0,0,0,0,0,0,0,0,0,0,0,0,0,9.14199669406085,1.88614928331394,-3.56787495638303
0,0,0,0,0,0,0,0,0,0,0,0,0,0,0,0,0,0,0,0,0,0,0,0,0,0,8.65853748802866,-0.977585028864599
0,0,0,0,0,0,0,0,0,0,0,0,0,0,0,0,0,0,0,0,0,0,0,0,0,0,0,9.16225340643218
