2676.56297746577866,2799.59634856471894,2787.80539917465921,2499.86788666884559,2660.94427510723153,2530.41866193613987,2728.86212582744020,2853.20695022024574,2831.13012857175499,2815.22551295450421,2803.23293176298785,2835.48293101897661,2788.22016436981721,2935.53074007794930,2822.30128856547299,2732.03129906138656,2794.56582830563866,2662.06066128690145,2944.87196821696352,2614.83134696689467,2765.97838550219831,2706.46389940768904,2723.65521958358613,2824.14079928293722,2596.65216334775369,2806.80547170530326,2529.18871304909044,2808.46815620181269
0.00000000000000,16.77490529438004,12.93366763816891,7.39334102383040,18.77845912305467,11.83106567520730,12.11670510106063,12.44080255408013,9.18642455569636,8.55621557939810,9.91857549888165,20.89964646080999,5.71514471374662,16.60148097595766,10.65497568151576,15.15640420616696,7.71588373942992,16.00801612617300,13.36614356205068,14.87534932171079,12.95304764897446,16.20913052698342,14.40770019529639,14.33852766098132,10.59762063731992,15.78055578343728,15.49672097028916,9.74265530953219
0.00000000000000,0.00000000000000,21.56761594682198,10.04505079060353,6.26998517313519,5.45972474130040,7.38300126644768,3.54470783452820,4.19860124142104,2.28850428027951,6.28013277507132,1.35860644790168,3.13256081167751,6.84853032931409,7.00828529011438,10.61582949578450,8.17177969679953,9.85360206332135,5.42971902070811,7.65641626228757,1.37703444985624,8.19524856782535,8.47158428382001,7.61145655831808,3.64976163071016,8.18887324007271,7.18060713134094,7.05655776212638
0.00000000000000,0.00000000000000,0.00000000000000,14.21414671672699,9.67241297189655,7.98750001116876,7.76749339161808,6.85633849463924,8.64643694570665,5.22270050357606,5.76712649574343,6.19091970953875,4.02366440407652,5.54892100152704,8.13940762337524,4.42036148046141,2.97093903805555,5.76130715913846,1.40867601092210,4.46750947971823,6.51813119766812,9.17511947412287,5.00002310784033,5.90377792817722,6.42088052958472,3.87160109304780,5.83829212274474,7.25632879273984
0.00000000000000,0.00000000000000,0.00000000000000,0.00000000000000,16.68435254823119,7.10593174311705,2.23974513295343,6.38284142337567,1.76531898212266,7.76646839670325,-0.17540258156665,6.73278170717344,6.27785070138811,9.59137250238251,8.35412670543535,1.11411908880304,2.18153311641697,4.96687465014604,2.81425456750187,3.73575074333016,5.55898950257305,4.09315709553522,5.01849533422099,8.11779327664509,2.71956095689101,0.59619421272829,2.08137455240236,7.71827403025322
0.00000000000000,0.00000000000000,0.00000000000000,0.00000000000000,0.00000000000000,14.88850552451957,-0.64915031239557,5.80408747799611,-0.27994678967578,1.11255876816028,4.33690437085546,6.10621480852343,-0.83237267714666,3.22067333227806,8.20696699004170,1.68637935573752,1.10243410661999,1.04671153434972,1.78611783106240,0.99475498287624,5.70651449594658,7.16970570276149,3.48325552857129,2.23231504043491,2.86144133559013,4.97285197914001,0.51538262637778,4.97164957128720
0.00000000000000,0.00000000000000,0.00000000000000,0.00000000000000,0.00000000000000,0.00000000000000,12.35260154426458,-2.63762613508149,3.83925834921797,0.57485759837527,0.60424327955591,-2.20159645781209,1.48959219929954,-0.72562816924959,0.78626339427667,1.98818602917844,-0.06135816638148,4.11202304246370,-2.10857000974041,-2.44175329898657,3.56331452900773,3.40678834993260,1.75876984102401,-1.17746907196489,2.30847530025684,0.17703536810249,0.69526556211398,1.98999724313942
0.00000000000000,0.00000000000000,0.00000000000000,0.00000000000000,0.00000000000000,0.00000000000000,0.00000000000000,18.28041777311183,-1.02899033207247,7.89691438040187,-2.71470588888985,6.41391172185771,4.35038085395843,-1.07516042770848,2.73957434869588,-0.08704035498878,3.99945480042960,1.90288029086513,1.47932931489600,1.28958859206576,11.03699226178387,4.80210607778650,4.37423717363764,1.25509380705755,-0.55528391577102,6.17908321991245,1.53776898123919,1.73601462189251
0.00000000000000,0.00000000000000,0.00000000000000,0.00000000000000,0.00000000000000,0.00000000000000,0.00000000000000,0.00000000000000,12.53969244615960,-0.91735573570481,6.70451189036680,-1.05508817208004,6.18763511267928,6.57904274686234,1.82491169099819,-0.01917052532504,5.19685541285176,5.58371607625634,7.31970847204694,1.90223273540576,-1.54792184788190,5.25670116528354,2.89577457634783,0.62855238287679,5.70265840180423,4.70326668304254,-0.26300369022311,-0.27757055797105
0.00000000000000,0.00000000000000,0.00000000000000,0.00000000000000,0.00000000000000,0.00000000000000,0.00000000000000,0.00000000000000,0.00000000000000,14.65140033463728,-4.03601972060228,-1.61406222294530,3.06090387159206,-1.06792006166855,2.67626344890122,-4.05186205029351,-1.47780772699621,3.75606178128247,-1.16089431515478,-0.97223659992646,0.74142930716187,1.65632808480207,0.81408297906232,0.66089637867662,-1.35149669437432,-2.47756551767798,-0.54369870602881,3.78451269208002
0.00000000000000,0.00000000000000,0.00000000000000,0.00000000000000,0.00000000000000,0.00000000000000,0.00000000000000,0.00000000000000,0.00000000000000,0.00000000000000,13.92765144016961,3.09940176041389,1.38123567946973,0.65136770083600,-1.41043530207314,0.32802255254974,4.52019774638873,-4.38217561458770,4.68200833578399,1.83807805960100,-0.02035003471322,5.22811672704251,0.95715443376306,-2.84894645815512,3.49148534868577,3.09114575017632,2.13622002665369,-2.11761885618303
0.00000000000000,0.00000000000000,0.00000000000000,0.00000000000000,0.00000000000000,0.00000000000000,0.00000000000000,0.00000000000000,0.00000000000000,0.00000000000000,0.00000000000000,13.76010330825946,-3.27771083719827,-2.18734774098214,-0.75298309821546,1.73715472865216,-0.41560514136757,-1.78917412203636,5.72293233699056,-0.44195486446274,-0.28335718948329,4.86444944625513,0.35289552883539,-0.65436303917071,0.45864345982713,-1.31874870165078,1.99553147345262,-1.72580850307546
0.00000000000000,0.00000000000000,0.00000000000000,0.00000000000000,0.00000000000000,0.00000000000000,0.00000000000000,0.00000000000000,0.00000000000000,0.00000000000000,0.00000000000000,0.00000000000000,13.19960904819940,0.70542321327768,3.61598720505969,-1.68014983916525,6.55151452036123,-0.62949326755178,3.39136868523755,-2.29714079766013,0.59883712248697,-0.24658952103778,1.32823088471415,0.55798535437882,-1.12795318739687,-2.04825839201467,-1.75734415058327,0.09688710225914
0.00000000000000,0.00000000000000,0.00000000000000,0.00000000000000,0.00000000000000,0.00000000000000,0.00000000000000,0.00000000000000,0.00000000000000,0.00000000000000,0.00000000000000,0.00000000000000,0.00000000000000,11.63406195599651,0.17888908621491,-1.90351779862038,-0.87268602959393,7.24890129938419,4.57232770062460,1.70525939778515,-0.65496303107208,3.55748941681870,5.42764224466998,3.74677085207529,-2.82948373218696,2.50608826650950,-0.43897203448531,1.03286306539074
0.00000000000000,0.00000000000000,0.00000000000000,0.00000000000000,0.00000000000000,0.00000000000000,0.00000000000000,0.00000000000000,0.00000000000000,0.00000000000000,0.00000000000000,0.00000000000000,0.00000000000000,0.00000000000000,14.00985284013658,-1.57542653640360,1.00661076840619,-4.36889471640056,-0.87703857553906,-3.43194035302953,-0.63127987776081,0.22283751813891,1.85318505989359,3.38876103796945,-1.52833898934141,2.92057649088362,-1.12594571873193,-1.10511434011555
0.00000000000000,0.00000000000000,0.00000000000000,0.00000000000000,0.00000000000000,0.00000000000000,0.00000000000000,0.00000000000000,0.00000000000000,0.00000000000000,0.00000000000000,0.00000000000000,0.00000000000000,0.00000000000000,0.00000000000000,11.08575040622394,2.97416374096382,-1.15784215799865,2.82940828293774,1.57549741731264,1.04236533151420,-1.53551026374915,2.05074239685074,2.63006660775630,1.33817781594430,2.33164394905909,0.79921718949261,0.12218802163924
0.00000000000000,0.00000000000000,0.00000000000000,0.00000000000000,0.00000000000000,0.00000000000000,0.00000000000000,0.00000000000000,0.00000000000000,0.00000000000000,0.00000000000000,0.00000000000000,0.00000000000000,0.00000000000000,0.00000000000000,0.00000000000000,11.27033146501115,0.73385276152251,2.44816450160443,-0.54923886183935,1.59201698959483,2.22478098098599,-2.58178991852237,-0.74825780696946,0.54734345731864,-1.71653096032381,0.58673193912440,4.30357857744774
0.00000000000000,0.00000000000000,0.00000000000000,0.00000000000000,0.00000000000000,0.00000000000000,0.00000000000000,0.00000000000000,0.00000000000000,0.00000000000000,0.00000000000000,0.00000000000000,0.00000000000000,0.00000000000000,0.00000000000000,0.00000000000000,0.00000000000000,11.25900079351896,0.26366849302915,-0.16876186732838,-1.52614470767904,0.55385049887005,0.93337179306526,1.27997325474906,0.14661177426707,0.52049863964410,0.72440779670292,3.56625082969109
0.00000000000000,0.00000000000000,0.00000000000000,0.00000000000000,0.00000000000000,0.00000000000000,0.00000000000000,0.00000000000000,0.00000000000000,0.00000000000000,0.00000000000000,0.00000000000000,0.00000000000000,0.00000000000000,0.00000000000000,0.00000000000000,0.00000000000000,0.00000000000000,10.61602032096356,-0.93471140395547,-1.81835134423510,1.92418069707018,-0.22317486498954,-0.77432748825283,1.96939542827664,-0.27960710416966,-3.12049477792952,-0.45236047863126
0.00000000000000,0.00000000000000,0.00000000000000,0.00000000000000,0.00000000000000,0.00000000000000,0.00000000000000,0.00000000000000,0.00000000000000,0.00000000000000,0.00000000000000,0.00000000000000,0.00000000000000,0.00000000000000,0.00000000000000,0.00000000000000,0.00000000000000,0.00000000000000,0.00000000000000,8.82827447726492,3.82583315718729,2.42397116612999,1.21460333234325,-2.48415649634176,1.37089137238210,4.52465865233674,2.28526194113760,-0.49027969025729
0.00000000000000,0.00000000000000,0.00000000000000,0.00000000000000,0.00000000000000,0.00000000000000,0.00000000000000,0.00000000000000,0.00000000000000,0.00000000000000,0.00000000000000,0.00000000000000,0.00000000000000,0.00000000000000,0.00000000000000,0.00000000000000,0.00000000000000,0.00000000000000,0.00000000000000,0.00000000000000,8.83940232907421,4.93181566680875,1.37174108626511,-2.70683859184337,0.98731381615907,3.01576146556006,2.24026616443643,-0.11389703398666
0.00000000000000,0.00000000000000,0.00000000000000,0.00000000000000,0.00000000000000,0.00000000000000,0.00000000000000,0.00000000000000,0.00000000000000,0.00000000000000,0.00000000000000,0.00000000000000,0.00000000000000,0.00000000000000,0.00000000000000,0.00000000000000,0.00000000000000,0.00000000000000,0.00000000000000,0.00000000000000,0.00000000000000,12.07196098404588,0.08658956209425,-1.60071063881433,3.49036631956573,1.41170685857785,4.06126482948747,-2.67634583840452
0.00000000000000,0.00000000000000,0.00000000000000,0.00000000000000,0.00000000000000,0.00000000000000,0.00000000000000,0.00000000000000,0.00000000000000,0.00000000000000,0.00000000000000,0.00000000000000,0.00000000000000,0.00000000000000,0.00000000000000,0.00000000000000,0.00000000000000,0.00000000000000,0.00000000000000,0.00000000000000,0.00000000000000,0.00000000000000,9.61522999958197,2.77626564873560,-4.05293945908819,2.00378299454301,0.03287811000704,-0.81976673596829
0.00000000000000,0.00000000000000,0.00000000000000,0.00000000000000,0.00000000000000,0.00000000000000,0.00000000000000,0.00000000000000,0.00000000000000,0.00000000000000,0.00000000000000,0.00000000000000,0.00000000000000,0.00000000000000,0.00000000000000,0.00000000000000,0.00000000000000,0.00000000000000,0.00000000000000,0.00000000000000,0.00000000000000,0.00000000000000,0.00000000000000,8.67958171860221,-0.72856922607607,-1.83253233301424,-1.17219386082022,1.82300044983335
0.00000000000000,0.00000000000000,0.00000000000000,0.00000000000000,0.00000000000000,0.00000000000000,0.00000000000000,0.00000000000000,0.00000000000000,0.00000000000000,0.00000000000000,0.00000000000000,0.00000000000000,0.00000000000000,0.00000000000000,0.00000000000000,0.00000000000000,0.00000000000000,0.00000000000000,0.00000000000000,0.00000000000000,0.00000000000000,0.00000000000000,0.00000000000000,9.06095568425934,-0.35065390999653,0.96295461977691,0.74906448078936
0.00000000000000,0.00000000000000,0.00000000000000,0.00000000000000,0.00000000000000,0.00000000000000,0.00000000000000,0.00000000000000,0.00000000000000,0.00000000000000,0.00000000000000,0.00000000000000,0.00000000000000,0.00000000000000,0.00000000000000,0.00000000000000,0.00000000000000,0.00000000000000,0.00000000000000,0.00000000000000,0.00000000000000,0.00000000000000,0.00000000000000,0.00000000000000,0.00000000000000,9.14199669415209,1.88614928334990,-3.56787495696383
0.00000000000000,0.00000000000000,0.00000000000000,0.00000000000000,0.00000000000000,0.00000000000000,0.00000000000000,0.00000000000000,0.00000000000000,0.00000000000000,0.00000000000000,0.00000000000000,0.00000000000000,0.00000000000000,0.00000000000000,0.00000000000000,0.00000000000000,0.00000000000000,0.00000000000000,0.00000000000000,0.00000000000000,0.00000000000000,0.00000000000000,0.00000000000000,0.00000000000000,0.00000000000000,8.65853748835360,-0.97758502851315
0.00000000000000,0.00000000000000,0.00000000000000,0.00000000000000,0.00000000000000,0.00000000000000,0.00000000000000,0.00000000000000,0.00000000000000,0.00000000000000,0.00000000000000,0.00000000000000,0.00000000000000,0.00000000000000,0.00000000000000,0.00000000000000,0.00000000000000,0.00000000000000,0.00000000000000,0.00000000000000,0.00000000000000,0.00000000000000,0.00000000000000,0.00000000000000,0.00000000000000,0.00000000000000,0.00000000000000,9.16225340636537
