-5369.26116264169195
-5614.13374476120225
-5580.48742967228100
-5004.75320521921549
-5329.45317724027063
-5066.85284099006003
-5471.72124849585634
-5728.39810375784145
-5677.62406219897184
-5647.20601947431987
-5621.61397278478944
-5680.90874222635102
-5588.24617146499804
-5885.84280297747137
-5649.39955875868509
-5473.55437245818484
-5600.95881765028662
-5338.67304481789233
-5905.26263437665420
-5243.58803256074589
-5553.41684035801063
-5423.86107167679711
-5458.86457831962070
-5653.58749125315717
-5212.58735329204865
-5629.76653730530779
-5068.44228002851378
-5638.39194305862111
