0.0138428370649821
0.012657670981121
0.0127710101004088
0.0499194983621367
0.0246709447146421
0.0762552926082331
-0.0266568242543413
-0.0567356115127872
0.00161823562615484
0.00470774500024445
-0.0260081291552268
0.0209166076094011
0.0297139456666221
-0.0487676044241669
0.00157096983638969
0.00231966696163977
0.0406320727669409
0.0258048725809796
-0.0186588010238923
0.00779668266478833
-0.0108775586595207
0.0295727241938377
-0.0189856154237353
0.0482477451249428
-0.0516967091937634
-0.0126513740487625
-0.0127494624721497
-0.104597337008546
