16.63015954654583
15.90741862170083
14.74795613782698
15.07419936559345
15.81529444343523
14.00698247898822
14.02624111183125
14.26181201431622
13.41255496194312
12.80373687548256
12.90174095780711
12.20175637129189
12.20912275382173
11.45975622168197
11.75731863609527
11.77212214798234
11.19215237482948
12.21701138527702
10.89313333179834
9.62500530822349
11.67322327096817
10.73225792945766
10.40972241363947
10.15593123126216
9.52800591604158
9.20058184177807
9.51234693548247
9.05687603036904
9.14158277902391
8.68108906647071
8.74867772555971
9.37843092785975
8.07639314763290
8.24825028843503
9.15344288243711
8.46295957353221
8.35938431393419
7.49806323524074
7.41198327860795
7.98655533301866
7.50489568517710
8.34862072126407
7.48921787543710
6.91713026193284
7.77327536772878
8.13559560526951
6.93569692125013
7.32782157732671
6.95726571163687
6.81195020668074
6.99351434526366
6.31249436279249
