1.10401090518758
1.52123223828209
1.64646890649873
1.81451451443812
1.13859763887646
1.69923692415433
1.72384984312758
1.9772226945391
1.97253313193681
1.38071201666291
1.67940274750786
1.50153799518083
1.79294743286117
1.5091991482811
1.08930417014719
1.7954986541511
1.81319348179418
1.90183064150709
1.00690637575784
1.88666615117652
1.24230716109383
1.98172412346197
1.47288975840103
1.06784175153256
1.58219371250933
1.09787740469811
1.43723359910642
1.21964614382929
1.94832762700893
1.90806662426706
1.11417728714374
1.05233853173085
1.42929886254915
1.76064619364247
1.86685304616897
1.56789650142561
1.4598831177968
1.59070288929655
1.54511919549905
1.43241624926795
1.97141490595947
1.22452194254125
1.93395424491444
1.76436233835498
1.73372109082235
1.02325841459597
1.55986099204042
1.54691457215087
1.92508905610307
1.56676736826392
1.43358072332739
1.1673962171969
