0.00984859149490
0.01171730555380
0.01928122937924
0.00548736398563
0.02127682526639
0.01471744591059
0.01121405317447
0.01032788822287
0.01015956697183
0.01634495999254
0.00836637709814
0.01184455998407
0.01243946059737
0.00563368875520
0.00504747657883
0.01578865726082
0.01840810687708
0.01029289162317
0.00446455131669
0.00812712067426
0.01606834496581
0.01130263583751
0.01591027236961
0.01177960930969
0.01425245654794
0.01431747333821
0.00585865826593
0.00913304213466
0.01244908173680
0.00562969252506
0.01180626881459
0.02061405812586
0.01524620664276
0.00976115982088
0.00499609369686
0.01444073338465
0.00365342279352
0.01382773873601
0.00340908850133
0.01091846666555
0.00966572981626
0.01144119052829
0.00237691663344
0.01793142012084
0.01361136709527
0.00526126337767
0.01224167170713
0.01010084110442
0.01283681555995
0.01363915305172
0.01431210294516
0.00641943570678
