1.37523749953845
1.48902266728181
1.88587808789959
1.17723583810834
1.97719859703313
1.65834089818333
1.47449471451086
1.45445996916595
1.42660899340483
1.75387275580031
1.3320023344513
1.52524495056143
1.47194736100358
1.16352772347793
1.13195701229012
1.69176644351881
1.77357986558861
1.39984065825112
1.07583978542864
1.27932793613492
1.71016572076369
1.46604573655224
1.71365685561376
1.47632260875605
1.65650316311815
1.64895394800648
1.20251733493177
1.38199274259712
1.5673848998581
1.17245127129017
1.50453913375015
1.94262239939655
1.66147393857198
1.39041722118408
1.11985823703923
1.63867253513945
1.04875811936742
1.59435295155009
1.0931325043054
1.47536711277224
1.3482257073504
1.4251348387567
1.00061206286802
1.82017306835399
1.58866256223464
1.13256907515813
1.51193951140714
1.36224242782325
1.53240973340925
1.58777929683578
1.64157036395817
1.24257545370729
