1.48491790913274,1.6935139920998,1.21417405047183,1.38121300580968,1.06134817984949,1.0625826842443,1.54254591583393,1.80690684579634,1.66344916478891,1.71427994208144,1.94260603559325,1.09740060246429,1.19572366922895,1.08269077403596,1.58755328859554,1.86698480083932,1.73964248166403,1.33978775299144,1.0628845412577,1.73163400112262,1.08612849427673,1.7169526734934,1.63069707044898,1.29619117979714,1.55698463952028,1.01500967145665,1.4968918820363,1.32817700846501
1.58411221233388,1.15052191501042,1.98619164712084,1.06903012100096,1.84403590711022,1.20036569712701,1.45024312681064,1.90538408695971,1.26294838137131,1.99278904264457,1.71229093229039,1.92639754616022,1.70706898426035,1.65489696788364,1.02379814815884,1.90279265395496,1.7375877419196,1.61135143722005,1.76977745432862,1.47723022358363,1.95113919021149,1.83266199605198,1.20886422424059,1.03726768402255,1.54961466907971,1.83956129515523,1.33345886428536,1.10659930813434
1.85457096661188,1.83035074632166,1.43477631659935,1.4386831784801,1.98087266133207,1.42096796325453,1.50771329948106,1.82490856797663,1.62133366038154,1.95795642629171,1.73029265447068,1.88428204175284,1.95074546847062,1.44258358676107,1.8106795874474,1.6578144522653,1.09748055417905,1.83447773607191,1.5606071057546,1.83506829609865,1.44582917282629,1.33038456008322,1.31229851921662,1.39696836257212,1.16304655566953,1.52116274392286,1.43423604659468,1.71266122474925
1.36072403861243,1.76769491088004,1.81926053334924,1.21529500475866,1.59804565720169,1.25403684948293,1.65397818323876,1.57891831806811,1.67500481320312,1.16169148225416,1.40382688604473,1.296338473119,1.11964790808021,1.13411954004975,1.18062051487184,1.07039337608516,1.57670312681082,1.99130010231924,1.72820782835046,1.67418368098987,1.82577783792549,1.28881493410506,1.50925197708851,1.27160701028612,1.61919949418828,1.82155049630513,1.66857537285824,1.78224604985781
1.34271323976233,1.10281141945292,1.4949072741414,1.70343727837477,1.87050633033295,1.31416780702498,1.91873228313342,1.46855198706898,1.56820465697358,1.57271046590652,1.04747030513709,1.24320946971104,1.73440194816068,1.45129719118182,1.53954794283004,1.85404985624088,1.58541673123157,1.72016845770188,1.92444323232604,1.16211985804239,1.71146856002112,1.65265106067651,1.83630353903226,1.53724639748095,1.94146599478157,1.34555551565511,1.80885340823273,1.56066548850418
1.16710601196024,1.47742878062531,1.34291153789633,1.50981925172257,1.58024020007823,1.83781881203773,1.21325653009734,1.45074653041118,1.15198661906272,1.1319888127651,1.91929851748017,1.72019127603629,1.70469927913728,1.96676882261726,1.96340074574733,1.4391012268323,1.41806601333342,1.50294868811171,1.29315108307318,1.00348274456499,1.22311714581359,1.21759431493357,1.16560260260739,1.93458570583471,1.87024537561007,1.00190614117398,1.47183210285,1.81171136992598
1.34746165729475,1.28068551061707,1.3723768579645,1.51456766925499,1.75811429170804,1.71528839586083,1.0243869205119,1.3383544913206,1.55310720789857,1.23764345060924,1.78910102173179,1.70509382696128,1.36963226384,1.70839953921195,1.42528510253191,1.07433154251163,1.67516836136355,1.38868584781358,1.51343276934392,1.09323437469696,1.89163453592529,1.80658385241711,1.09671711926196,1.11475168127322,1.02417816735067,1.26231972186934,1.04933738664227,1.89442354296074
1.26422586304332,1.52116948995794,1.70613491288672,1.61168752033808,1.80185500057501,1.07851177038556,1.12625518912741,1.55996929181738,1.79380016671205,1.15064211010497,1.89832378360365,1.34690737414495,1.38828556071421,1.68742480486977,1.05200120064057,1.75791782455422,1.39582434361606,1.47728630317249,1.83224936706584,1.07099270497961,1.86597215098607,1.34568213640977,1.16422707967657,1.7576066864457,1.15226598836121,1.26094419893853,1.87235836818458,1.17644415571189
1.52326392080787,1.92169575482686,1.07086769867263,1.78748978385119,1.44286524431913,1.77700261155935,1.39917730418927,1.24472024489414,1.85551438194491,1.52543249331668,1.80468953671152,1.6493145481913,1.67607460342165,1.70301331984951,1.99622192233625,1.06436016413586,1.39043812471928,1.04822312251116,1.82227798869008,1.78626246833534,1.52550942568365,1.65452735575593,1.85725517331495,1.39148157620406,1.00020949170003,1.02148225252586,1.14908826264976,1.15247548006125
1.28242645146438,1.02144663036868,1.32891963623879,1.80569037227225,1.94314238519554,1.39978733491143,1.59318015612344,1.38600762951468,1.17678994600512,1.99235746031271,1.63072787440881,1.03230432748436,1.51778995316373,1.43541741065468,1.68161887614132,1.19386455658538,1.13843073050418,1.67784079801191,1.25822472072124,1.52886885522346,1.72606392098873,1.08050270894566,1.31513132309314,1.25157334620672,1.73503006470158,1.17238649640809,1.64305492287644,1.73523955640161
1.19386874893395,1.7921431855262,1.88771503692852,1.47629520086399,1.81358981589488,1.21663467270165,1.28198557267058,1.75673220062476,1.61642200761308,1.87516572879402,1.14273982967378,1.7932119536182,1.86752318864107,1.77346770408259,1.82551628110256,1.3853131418048,1.20888511473727,1.50713515677822,1.57917769839018,1.34731584524145,1.18497595479012,1.83740241911141,1.87618470046492,1.91103987577885,1.91790512805707,1.1913160230924,1.16261322151991,1.65293519275865
1.36370251950049,1.80566814439635,1.38817474869461,1.5575712689001,1.59781132945689,1.27588978515747,1.03386646929843,1.41140114488611,1.49252445785912,1.31585204196901,1.16813334551087,1.10894646500654,1.19101777076303,1.31087317518465,1.90215841862474,1.05854095893844,1.08434087926724,1.72767469972729,1.44385410074324,1.29322599400451,1.23480985603985,1.02303179866775,1.64054183924596,1.41978581082997,1.86043421777917,1.51672653924521,1.33082568614316,1.77833934583624
1.70804256233761,1.49343890812874,1.43127453812923,1.0717450818381,1.29910705205943,1.81944928682384,1.6293163507382,1.89691838198198,1.0953390719813,1.66318282003663,1.30831952640243,1.58786352984042,1.97903486200563,1.4764528719133,1.69680999531262,1.170052632303,1.78732604756361,1.5989684134717,1.2285935917071,1.87166692683085,1.32664311273333,1.67244769245034,1.1648929203697,1.56145296923884,1.69547949158376,1.80543475961566,1.98123878006881,1.55591370889727
1.32216129839521,1.31206446621197,1.33425305426784,1.03020386026716,1.80550337434071,1.76552759239708,1.10194894210526,1.10461042593448,1.58497687922091,1.73126529284346,1.0015288074508,1.68031595120221,1.39444811241443,1.30984833431889,1.26817948057697,1.37348297442006,1.78630120623219,1.96498947588959,1.54353560672306,1.57362725333014,1.56395788936129,1.77212919843017,1.44529417969533,1.89060100209462,1.44457689088051,1.61018710006503,1.45205397086779,1.14005638199861
1.41562185921502,1.4332927509366,1.69597009089588,1.73778315761023,1.74535721714858,1.03022314516372,1.76798701834306,1.55086059102363,1.7957507375608,1.86993596044832,1.65547101695811,1.38072761631605,1.60120125329178,1.65699982487457,1.0610435670526,1.99564936570621,1.96684815919346,1.32922304809523,1.36913233966061,1.75314936495998,1.29421252351916,1.91266794684933,1.32677661829012,1.85817041288045,1.68479714481383,1.77207079798545,1.74877141497506,1.12937403522868
1.38225789805048,1.2008253853772,1.26943041722729,1.7978797572655,1.6341181363138,1.96540050858883,1.53566291487574,1.37947535299672,1.99562365375255,1.30364993275313,1.93033594402035,1.79137439084769,1.17358589273579,1.58580696097846,1.17210200716374,1.77478714602757,1.24280678538736,1.23314557421633,1.77043651173377,1.20965494411516,1.56236862231156,1.13956885092872,1.96280430907514,1.85658114629638,1.05223679731238,1.2895809268996,1.71475155871117,1.73703394259188
1.06165172488506,1.46352297322057,1.86640797782056,1.44390962293554,1.66434835906343,1.13583839504786,1.24178937973538,1.29846649491157,1.10123890317103,1.77745229461112,1.67794184837394,1.09686255645792,1.08110222689859,1.60827779192863,1.88823694730561,1.25468812010004,1.19408475244142,1.06033895400369,1.02947526566194,1.43689153782879,1.29348452868568,1.79991177739571,1.64654648194394,1.85585315099724,1.93948062879009,1.60935079101909,1.71243429682797,1.99171742610248
1.89893171791869,1.42718585553914,1.7287513682287,1.96058344280374,1.89070882875971,1.59515934604926,1.40449306527362,1.55505718735748,1.73099774109712,1.64628244547466,1.85352368273471,1.83223664426815,1.42373473962011,1.53146553064299,1.92909920072607,1.50483696698436,1.13974332210596,1.81733614756602,1.7595250870844,1.33382807501304,1.87767510203536,1.78900035274634,1.77071961284183,1.17115963025538,1.58891213014206,1.41726609478577,1.02701278078696,1.52839275846649
1.0266168853392,1.73944707808059,1.5201101841033,1.92554860325789,1.16663293315407,1.248861552332,1.88613204606163,1.05734176144811,1.84402089838126,1.29062511086959,1.61239894927125,1.57501863901271,1.93690755634425,1.4659226315403,1.4072552828152,1.36064229596436,1.99738816218329,1.3363544830756,1.86547926294873,1.13713148382359,1.15369063017596,1.62500434956746,1.47095955883663,1.03136573174566,1.41400470184814,1.24167917167846,1.20252536200105,1.00291683152454
1.65894526646423,1.22953814325367,1.53130958999102,1.68556215180343,1.96898522133426,1.05141977409433,1.61111075459566,1.13561815402266,1.30028132642632,1.49724280019162,1.19295991547078,1.14430222434192,1.78786791152687,1.80535886474203,1.71932086335463,1.72477546740546,1.27128149581667,1.12657614570417,1.08541776290416,1.2686696575343,1.46293062877978,1.95089702585288,1.40580114182355,1.61662125895574,1.57590137495468,1.87676070066018,1.64798699116706,1.98990607726849
1.11843987187298,1.85051235316811,1.99282290879303,1.77738513833721,1.08005049595612,1.52413249878405,1.46294728967498,1.04903571682472,1.57555227287838,1.07405804427064,1.18465387084738,1.8758335993047,1.57130084446226,1.37761378678382,1.02013582318096,1.35916875552347,1.18297265106019,1.7394566865356,1.08394422292893,1.45425414734252,1.86603283223977,1.16936198583309,1.72292380487682,1.32896346055389,1.12025901168597,1.12872494623471,1.94558471950962,1.69616038664065
1.00548564689489,1.59357171021103,1.68606646344348,1.12392551876787,1.44408406337913,1.67888937223651,1.90131065757075,1.52413455933525,1.2030218705549,1.36425794678007,1.57317027662563,1.77857414343328,1.43831599105071,1.75782414747301,1.65440774227232,1.00961683551297,1.13543793379117,1.67454356545328,1.36878559103645,1.31841058531702,1.41400025152322,1.45272981396538,1.77266473265955,1.28003308329733,1.62209180026413,1.49558853707071,1.60899654385121,1.74235081195009
1.62431348377108,1.55458126289518,1.43851119812509,1.62979913066598,1.1481529731062,1.12457766156857,1.75372464943385,1.59223703648534,1.80346703380508,1.65503530653894,1.11637159535492,1.00648890389432,1.01929325331901,1.68954187198055,1.7850630473276,1.45760924436972,1.44736601945356,1.43947078913426,1.46722607988269,1.58280395324473,1.11401435412188,1.8360116713848,1.90121453856175,1.5280146056451,1.28874148488452,1.67387927075563,1.80804768894242,1.91083328514864
1.16946780782634,1.41704423232798,1.65318409663308,1.79378129159742,1.97162549522315,1.09169529475816,1.42358042179774,1.1197784678637,1.21627295632673,1.17730507076592,1.71201550434903,1.01973998966615,1.83234037777052,1.82838710016962,1.02622889356046,1.85163363108953,1.5179289716845,1.81129194088806,1.30924287499359,1.96529499113806,1.25076272955666,1.77646895534195,1.54809894438279,1.36477708367853,1.61248062626109,1.44931348247887,1.89279168932363,1.9012221111456
1.1231927532345,1.70083937780039,1.81205539629425,1.29266056106084,1.11788360966271,1.46523949246166,1.0864418521926,1.0895091044202,1.55693478721983,1.51002227399034,1.20928757274956,1.77320774354656,1.68732734475626,1.92130307709859,1.7929477332127,1.51966772206112,1.74969017680254,1.81917662677317,1.37130135268499,1.26761914848705,1.63046856719557,1.68054422814424,1.23291413915945,1.88123129675222,1.45701318302053,1.78101308354224,1.24600837996509,1.06949380881595
1.23032656602111,1.13880006882306,1.97071591996155,1.35351931925561,1.83963944662346,1.78277131579014,1.64617988031645,1.95752305628617,1.2480108082518,1.73262173250905,1.04703216070637,1.80494559547163,1.24264400603373,1.25631973345593,1.57815333901819,1.92997135078999,1.17762281008885,1.37110107176523,1.44963907285111,1.92731298735706,1.1902776985384,1.8209404255361,1.19493213537844,1.82074626573396,1.50148465321468,1.42784627453789,1.70197756248618,1.95849783623521
1.20885935808013,1.94798594245128,1.0279916445855,1.43918592410124,1.08678601127434,1.99870756501272,1.79270524335685,1.92642545789779,1.7814788803372,1.43888512320765,1.88394851418396,1.02948968812334,1.17150685525104,1.93098067489033,1.83443528406063,1.41415086128477,1.18730040788059,1.41258862261315,1.34412221160909,1.36492321796945,1.78368969437838,1.7937612844602,1.29223620486084,1.97396739291678,1.6147017099963,1.48716834023929,1.79471365865074,1.11618636274533
1.91501461524284,1.49669122067126,1.07468419898054,1.12387397285731,1.44467716265688,1.10267584356604,1.56305989695855,1.53146317393121,1.1013834081131,1.35576513984975,1.45788863182901,1.88286228891595,1.79465026305739,1.34183714554731,1.91235197703929,1.96615711830843,1.27281781997197,1.74678726063426,1.38030797912754,1.46011822785256,1.15937588278175,1.72443019073663,1.82504144582201,1.94306557762579,1.51819147519683,1.11727765068285,1.91703297007691,1.13289318472747
