1.62656919733927,1.74263901111793,1.35291493421091,1.83871516391575,1.14043948153986,1.94399295791238,1.7844549355956,1.76509595511718,1.20768977618203,1.36342036368485,1.34143226004272,1.20479090567901,1.17961118052695,1.88471445715274,1.08666819384632,1.1170302290083,1.64801958233492,1.24163720721455,1.27169221326322,1.30870503900047,1.69922673269139,1.51635541418398,1.01756632189153,1.30269546494945,1.20768289277688,1.22699692250555,1.73397279518376,1.68158229192793
1.72833057154358,1.10524968947528,1.79995313277466,1.35489976841719,1.84788870059321,1.15286806698556,1.19361493186728,1.98832818213307,1.09686102443229,1.97806986746288,1.75342413725025,1.30455080061432,1.34149023114773,1.09485639682731,1.50934170675899,1.52110141167468,1.97957085398006,1.59600990060531,1.63813164068299,1.62759043584931,1.83764710781986,1.90982385394621,1.93629547531544,1.53687384051125,1.42617926766452,1.95386179720697,1.8395693054607,1.63386216090706
1.18085871924686,1.57354210064446,1.31544445236933,1.9091892912561,1.67879179011974,1.11539758514399,1.26408905920763,1.52668049024729,1.26826565212955,1.45770399154057,1.51500867238036,1.36512667656184,1.43577385853779,1.26843280916495,1.66967747764181,1.77726408968552,1.36328920599226,1.17901918393514,1.29836550089455,1.34286005950666,1.77502908454045,1.93649714157753,1.97045049535597,1.61267619236031,1.84632099552374,1.90674597020575,1.1495500324059,1.27250026272261
1.86060776741272,1.9891193378666,1.90636242362967,1.04146648619392,1.5626614380454,1.221806875999,1.95065577745003,1.24145322769948,1.33720446114298,1.21474483665765,1.76813371841243,1.60547011327253,1.67244882819822,1.28314239032713,1.97059678983437,1.10822268627036,1.55157519949208,1.64027426701052,1.88548677642154,1.91486440548434,1.81929345094566,1.18385227685042,1.25772446452534,1.59432253548611,1.12034941842796,1.22817495941565,1.20699872738076,1.9666704139517
1.1349209296214,1.35654875978667,1.23917067620865,1.99552869703412,1.34566809718761,1.14553309983832,1.03699518276239,1.90832953569867,1.36733997583731,1.98765096067807,1.14978276293249,1.70454443698029,1.20239579687007,1.91791648134492,1.31001454978716,1.87484462506829,1.20105887120639,1.28061133915587,1.98306731133865,1.75263407069847,1.92088560663205,1.86855408729452,1.66749847571715,1.74017905711205,1.05240636414495,1.92522294024249,1.3345015921325,1.1727557825729
1.15339789965814,1.54150031951326,1.13942619605894,1.28831882927954,1.89804907929993,1.37859687226759,1.283847525848,1.24371717648754,1.52412997210591,1.32084270861039,1.15204671172055,1.89146994794322,1.3084936688228,1.30182947465304,1.59601438445785,1.51088946569287,1.21974595599796,1.90602893424501,1.3857340902955,1.42080482720435,1.18664027340088,1.36880140163414,1.17343889790282,1.10752587956727,1.237355488463,1.84093737361996,1.84770493667932,1.28976185260795
1.76616031386245,1.18220652881181,1.46251763518086,1.91955821352059,1.72370684832507,1.6019438312398,1.20787704233447,1.621755927625,1.98054070397305,1.49172456818247,1.86547310411254,1.5046706756133,1.81256727679286,1.01751981536742,1.39614062355652,1.12106094561567,1.31934929002046,1.99215500801436,1.63195041130853,1.53909524601842,1.89818394225937,1.01768450160403,1.95990007368843,1.08482421519459,1.38648590323817,1.13333897112559,1.19235009476186,1.62384139170118
1.97427634474555,1.04005503097552,1.91360324477479,1.74043665814234,1.22226155978733,1.37612087948998,1.65999487119727,1.94596840857806,1.97806471119545,1.86787191353174,1.5677243357374,1.95860541470284,1.35959648124855,1.43319743938427,1.46327608985048,1.17216375804141,1.4507172547517,1.85941671340699,1.29322470365708,1.77006654477216,1.85157172142136,1.92517511496561,1.30916179079058,1.74975566321507,1.94285961656964,1.26906186401335,1.83457987840966,1.32934551934216
1.40240083513893,1.02692997270586,1.95318691150899,1.37667717941882,1.06698500368138,1.86679015581812,1.11711383756116,1.28924656393437,1.24291103484245,1.77710870875842,1.23521497204677,1.22097574557223,1.64498062229016,1.80293930778417,1.17958115980941,1.00457710307305,1.23613674670278,1.64285725012555,1.17674086111446,1.68685400145448,1.50227396306688,1.46996556477154,1.45692054576097,1.35384568402257,1.39514067973715,1.76608233655155,1.10360134677198,1.33800029584114
1.03514420009923,1.93818122518164,1.66734581564895,1.43754503523817,1.96511119788751,1.62053272669228,1.81422221512265,1.03209620156889,1.48732288204475,1.9313360526838,1.32134276550326,1.73023391688719,1.70844476097657,1.55655773755003,1.95120966292508,1.35342538280106,1.35949704486853,1.13079082226883,1.35800248633977,1.59563379157131,1.77364807239438,1.53474334745423,1.28248779256013,1.27592203546126,1.00470891222577,1.7394083383211,1.62976771948383,1.39984959196292
1.50549067487265,1.73336906672147,1.73784988780406,1.54063487497188,1.67155029143745,1.40519570298735,1.97817991067571,1.63666148932495,1.02572842921397,1.79240212533269,1.66875769089384,1.51305131125872,1.72373817755083,1.9901004563971,1.24328522814591,1.43218293806174,1.54665819348146,1.19449489060533,1.78560832132847,1.90615523834999,1.32528571287416,1.14361080720258,1.50178902945565,1.09893378526854,1.67835415465681,1.78427682201577,1.3748558207298,1.68306306688258
1.52368515987121,1.00462353974796,1.08291265837984,1.02917583427819,1.73799260646943,1.82076254664956,1.56981070971573,1.40954289790687,1.22595824917125,1.54799061992578,1.04620438676616,1.25168667885088,1.34039274479281,1.71496207766,1.76473799010959,1.06413092187798,1.70506253359144,1.00802321778984,1.49631385993972,1.25172072660724,1.20251810839517,1.28192218080253,1.15787596449157,1.52780382173499,1.4255329880051,1.65966499394722,1.62673760700353,1.10388714266191
1.44394181549733,1.00159342726767,1.78695020954448,1.96762697536853,1.00621696701563,1.86986286838998,1.99680281011239,1.74420957395072,1.69062541457388,1.56661351936246,1.15375247139193,1.91658366374512,1.11460413882258,1.19995685815809,1.16827034213034,1.45499688361538,1.91491893581809,1.93300833270559,1.51912780549337,1.61998146894387,1.94103155049543,1.01544166496743,1.87170219555111,1.1435496588906,1.29736384623561,1.02957815957702,1.6713534806256,1.72289683424071
1.68924315352423,1.29809108716347,1.82678397690262,1.1331849685559,1.29968451443114,1.6137341864471,1.10081194345877,1.30590148144676,1.48359705437142,1.0976147531055,1.05011105493182,1.17422246847964,1.66422827246796,1.20386352632375,1.0908061317591,1.77883241129053,1.40382038448184,1.2590764743551,1.23382929444026,1.31873931983427,1.19208480659504,1.75295709993362,1.93872078877814,1.13311635662481,1.76839876536671,1.81042298386359,1.27666601551541,1.06576261113666
1.8400011434406,1.94801949614101,1.78865944537737,1.52924429649918,1.24611058283882,1.61544342227999,1.66242926505507,1.54579509726995,1.22917760826143,1.76324120897951,1.85169657918238,1.71277466263286,1.860855962085,1.9018076341142,1.8869971311125,1.52508423455296,1.10567116043794,1.9778032628716,1.30391664537784,1.50949154491978,1.23687973676104,1.53774594028375,1.82823086521972,1.42896454335608,1.29070303975172,1.7669516535322,1.56208090044655,1.05910180465276
1.57737463739578,1.83874691596196,1.12486441578943,1.41737578037073,1.78676641210297,1.91352386163246,1.94662007733556,1.03287699447613,1.52896728344679,1.60904934192498,1.57867209221175,1.75814489170823,1.37229055043882,1.43036867092846,1.47091955387542,1.23314651252383,1.332176304577,1.35791668452225,1.75823074707679,1.43784746501495,1.33571994692819,1.06214739198896,1.94733901040039,1.57259968415489,1.59989333227272,1.77556987515444,1.00156422704531,1.8905963724901
1.54252152822098,1.56364512749186,1.94969817714286,1.1198961651511,1.40239204345382,1.07456259293229,1.53727194598749,1.18915845509114,1.98808645456475,1.48389202285739,1.22203544956727,1.51705373754588,1.09294136431671,1.80070754177901,1.27519862878844,1.46523191522119,1.23107621224182,1.74611818266386,1.69837842774502,1.56325251728448,1.10403486672045,1.45660917435615,1.00109998183376,1.43975481364865,1.51875656634511,1.94843899223415,1.01235449733788,1.11864989861783
1.72400886692293,1.01391872484885,1.00924627064226,1.26653039514391,1.57756385234071,1.95894444778512,1.38642656029501,1.97995589579453,1.03350704025175,1.9236985062825,1.16911435042001,1.02159349435083,1.40759052867423,1.39114980045294,1.53864723189671,1.5005318934566,1.19185734176629,1.81384586068515,1.96576380867779,1.42293355447377,1.55996404288335,1.66414223595715,1.98618607175825,1.6639989096038,1.12075140984764,1.98728605359201,1.10375372325245,1.63950797619275
1.93572504582616,1.11610822059033,1.75815787481058,1.65973391228343,1.13002694543918,1.76740414545285,1.92626430742734,1.70759079824555,1.72634859323797,1.31269086772236,1.68754669357443,1.75985563348972,1.2363893735392,1.8566610444601,1.78144912830621,1.64397990267909,1.24781084444738,1.32009635973726,1.14451179567003,1.43966818621367,1.13394222042241,1.11027560388217,1.86260174068743,1.69390626330576,1.77441783983932,1.84878781198002,1.35790517290957,1.89516924968696
1.83607386557203,1.46165889616202,1.53467722541405,1.77179891093252,1.57776711675234,1.29283510022463,1.43153282275029,1.70779406265719,1.06023924521182,1.35779713017763,1.41538486043708,1.78658783844979,1.67048799789999,1.10293155354584,1.54644347193951,1.90687737143919,1.95959259800594,1.32789259978006,1.55085727365262,1.20740344198765,1.64798895951732,1.69536906932265,1.64707162866698,1.78193117993974,1.80564467320482,1.50967336888875,1.4758374432455,1.58006251257847
1.35846118086877,1.83374261615506,1.47523176179977,1.19453504597514,1.29540151185142,1.00990898721382,1.96633395690766,1.87316862860376,1.30274408743845,1.39786677919229,1.58096269079529,1.36298333265026,1.75566390936992,1.99634755123237,1.14957117110005,1.42615190680425,1.09927910477821,1.69601464303956,1.33302927824344,1.05887170231849,1.02390724235396,1.88388655189606,1.2662751447718,1.67189620187129,1.57925562121871,1.91334677343878,1.45382738181102,1.38490029395786
1.42302014186188,1.92966482505652,1.96496280700199,1.78148132273065,1.76340744074593,1.4401945683361,1.97601636870579,1.05880895213169,1.45010355554992,1.94235032514778,1.93197758073545,1.75284764298836,1.34021710434007,1.51294027153074,1.11583097563862,1.09588101324434,1.50928782229744,1.26540214673868,1.52203292051425,1.60856692707565,1.96141678977824,1.85506219875769,1.6674386298598,1.9853240321322,1.73894875018808,1.9337137746316,1.65722023353782,1.31820437094113
1.84706054760472,1.11104761488319,1.70310466536465,1.27008068900093,1.04071243947405,1.66806747190099,1.05156201173158,1.80411988021998,1.10826203977143,1.02757837997171,1.86292883235166,1.558365595787,1.96992870558516,1.79490641308711,1.3112132383097,1.31014580945957,1.30784668415219,1.42704421394833,1.4060268227039,1.81713450644963,1.692446360687,1.92805974321815,1.42570143352528,1.65386314999958,1.78312194151018,1.09314006291942,1.63918718166611,1.52207069169826
1.02685383708535,1.29640741520394,1.84027506263939,1.87391438469007,1.40745503008713,1.54337972753839,1.14399507322535,1.44816747002684,1.21144719897371,1.19555708495693,1.25228734978116,1.3197092392108,1.2231354653943,1.11521618213282,1.8780748349978,1.1930641705138,1.91012259521993,1.18928807284184,1.50320997997337,1.21796927890646,1.61633228725583,1.90923680267727,1.03510378489043,1.30877864747717,1.83729654589542,1.46080521841571,1.96264179794241,1.62041848693994
1.55394528133513,1.60182897914286,1.14248917817254,1.58079911842048,1.8982363943468,1.9827642412776,1.45471350264489,1.30569142443393,1.52614396835032,1.5987085763359,1.75385889446077,1.73759116778969,1.79426566129283,1.00614624377626,1.05730040653483,1.01740112622147,1.12136242590908,1.93537524153263,1.21046529673527,1.03148502066335,1.12466331390881,1.71367527670864,1.24945429956981,1.74099560116464,1.62291207938591,1.2845580849259,1.04977424864181,1.46020862481567
1.74536330334161,1.01241604611856,1.08062711128994,1.29930858467673,1.61424502526142,1.22311628992814,1.88010770309721,1.51248141960822,1.20588053074008,1.33482120574211,1.81817284404215,1.7320244990904,1.93352978207801,1.57203173803726,1.46961566641443,1.72779544290518,1.57817798181352,1.52691607294926,1.74519656959232,1.69954040818826,1.46229131401623,1.95566186632759,1.73102542885161,1.5869546283907,1.66933714303623,1.98047972888708,1.32795022908968,1.29224922195647
1.26503781334732,1.37772447773149,1.75245784677214,1.01040111622326,1.39014052385005,1.83308495806208,1.30970970089999,1.00438554911147,1.05620124752456,1.18981740399721,1.51686696871969,1.26208177826464,1.52463860973932,1.33503981229618,1.9941062778207,1.45816839135167,1.90707155033344,1.46372194376947,1.18596383379119,1.4852495316813,1.9906380171844,1.9311604033835,1.1847899394039,1.45292933073497,1.8868222697111,1.91581536872118,1.03988395866001,1.55615941228166
1.8962950971426,1.36783418821536,1.84840863423814,1.16133291002425,1.74555866594685,1.60086648054461,1.17173402624751,1.1356991897969,1.43395143814103,1.48144372761317,1.14008473890838,1.49015268613126,1.67126113161038,1.65695170762807,1.7522344643959,1.19589974088403,1.99199151992425,1.74634074175094,1.6540681322357,1.89906306979203,1.21006268552042,1.84003196602689,1.38431260100767,1.20070070223915,1.77119236941039,1.56910254087723,1.65363003297412,1.65801463865583
