1.60444599092214,1.71174662826198,1.2490795474728,1.51946060569932,1.20843784846758,1.32376374645334,1.64333457855663,1.65311501159012,1.42643959048504,1.20639447504952,1.18457818505567,1.52782299859814,1.56215961489927,1.64246681688468,1.41068528704843,1.356809877491,1.98430396243199,1.32303726408772,1.32296699533377,1.2571217819383,1.06982452425632,1.70327497446131,1.71724000979086,1.22920040750373,1.42770516519794,1.54228145561287,1.17226598466386,1.94589664039477
1.65955910629572,1.08929895427511,1.07878982465658,1.2640050967522,1.80104558300276,1.32786937212938,1.78346570291718,1.00948343100468,1.65163311904838,1.42680028100815,1.6625984425948,1.07807270906776,1.63319475652333,1.84717662811613,1.60589570766589,1.19535437095694,1.48964344453516,1.01658099471432,1.5521642489136,1.47394740696715,1.33961825880204,1.87513124424737,1.73106918890545,1.40944278305836,1.57840621870868,1.44830919869631,1.63864319056209,1.00611138344096
1.99059065430918,1.81090917522596,1.95200802383572,1.65014976013924,1.90020812996673,1.03079784802664,1.91415485689144,1.70125371250382,1.35866722015602,1.69762055934296,1.7107371435085,1.01030033873874,1.12442084035111,1.3733355861033,1.0883730478065,1.75761559687444,1.22051221375377,1.69426875593805,1.95296996783138,1.71015565828893,1.71084975065237,1.50513421627932,1.18410306479042,1.05046800898875,1.38026546052669,1.91517225416152,1.45991079204712,1.95867167923538
1.36348145239217,1.09855398260921,1.96478306267633,1.35407210623569,1.90946315783517,1.91679108604639,1.00422186590928,1.80967128733623,1.94758893407303,1.91837672280072,1.5109249993744,1.30625615376339,1.61599728214368,1.2216621428829,1.31655649296779,1.74041812249479,1.5949977289862,1.40492954077429,1.49803371890356,1.81550994273997,1.09919829624668,1.45100368626928,1.52566560056324,1.81004804689905,1.95613790301426,1.70976866581932,1.86051605588781,1.3364033630753
1.62494091951518,1.32042684793492,1.29507504184501,1.98842237190736,1.41898083054413,1.25985810405568,1.34249447767739,1.32844398791364,1.17664918963641,1.34671634358667,1.13811527524987,1.12423812324379,1.26509306592173,1.64904027462427,1.43049427700718,1.88109034806541,1.87070241750716,1.74705076997497,1.62150847009453,1.4657001460277,1.15198031074925,1.11954218853244,1.28121008830201,1.25117860699593,1.57054587526738,1.80687568933092,1.06122665389498,1.52668377781598
1.51664435468458,1.92174270978279,1.86308714089128,1.1415852737341,1.24216955725205,1.15816218227062,1.1300076451758,1.66115038779618,1.41802028632631,1.47250212285319,1.98959437617548,1.59466947596272,1.81921846643985,1.12770965095968,1.71890759920651,1.08431153189592,1.77674992558395,1.14940187574802,1.96540188042699,1.64745234309111,1.89645264618865,1.58691035005586,1.11315248865315,1.04843295647224,1.70645253905396,1.39436257742083,1.29961156346817,1.27699841385567
1.20123826628609,1.36083821736315,1.80368219167166,1.71788262097066,1.28258092714594,1.66676933209727,1.85946789470476,1.52475048439798,1.8249315143679,1.98947553988056,1.18590087219416,1.24295180022854,1.46197766226808,1.17549524790398,1.83762127619126,1.28119612824227,1.30320489886366,1.5565288749321,1.36550766013819,1.07995482398195,1.70593075068012,1.33090954009952,1.72740716707306,1.60238339640311,1.91781989062103,1.84055965619188,1.65081635287535,1.62427242920933
1.23492223314704,1.95042791680918,1.901270843065,1.43616049943313,1.31126613370667,1.704953034271,1.15404311993813,1.59384706085261,1.37172236590261,1.01351101417724,1.1185975452506,1.19665387980484,1.00298655359214,1.30449841744476,1.43960568003338,1.46496421586022,1.47999366534874,1.27722695575898,1.74616034410249,1.7831985642124,1.83375583069108,1.11166800377502,1.86315338819435,1.53968658090554,1.4425775443402,1.59056055526741,1.14206997730866,1.36039743449557
1.43112021099363,1.79288633018401,1.9846698637049,1.66604244414067,1.74331424652753,1.88594070630425,1.10220294310814,1.05458038023421,1.59089374010958,1.25624606304627,1.64842744108682,1.96261610601219,1.26975707722351,1.76702498633742,1.15926998535137,1.27274363081564,1.07152340331651,1.59887566538475,1.73770784667586,1.55151706866525,1.87610262114373,1.4838681903127,1.33471563241198,1.70985845136915,1.59553619408772,1.19786902060633,1.24954503180904,1.03811373796226
1.78842957587374,1.39161500911769,1.39851117245784,1.2195497864017,1.1845013393017,1.38318103569708,1.88559223054237,1.92781558582923,1.26912174153566,1.98779517365051,1.98239596606344,1.86001548164525,1.24404123623112,1.63082340715026,1.82263158719178,1.51379831345463,1.39784839302201,1.98190157254315,1.78654194427027,1.46937179680419,1.58077723746224,1.52424979048048,1.02088886500378,1.45687985814031,1.00811798032751,1.35560449788142,1.1667383090438,1.60365417441523
1.55347351848775,1.4162833413185,1.64176791284316,1.34190309389583,1.80789835043619,1.04027908483533,1.56145288029753,1.99239968973789,1.42346012099807,1.44704511037424,1.92021527556713,1.69258186253374,1.4348402835591,1.9026112411649,1.55259734417898,1.67888151979022,1.5334346478495,1.3752289309051,1.19267983277919,1.93128304133717,1.35713050344825,1.97922177704946,1.4006548376757,1.93790774091049,1.50347156706428,1.42154370267947,1.39478759905081,1.51158954739179
1.7771482005609,1.56152590809461,1.11524372134136,1.33062171858299,1.97780924941311,1.75701163418452,1.67252481247882,1.7857075998493,1.79729071948551,1.23397769231069,1.77810728912154,1.22075084001792,1.68102280268493,1.698322564223,1.91333270255166,1.11586308577837,1.6009338053879,1.46593004626498,1.79474460556858,1.13436845277174,1.84115897763574,1.98742443834777,1.06565149364325,1.19828948061834,1.96664621493157,1.46630633131895,1.13619722106317,1.47011778153019
1.88785003446408,1.53098482011398,1.98170732892198,1.66499823455932,1.09251072820859,1.09695105026334,1.99561995360796,1.07031997715604,1.85396268444786,1.66814476562112,1.85602757700534,1.65125340346771,1.90212245839747,1.63413486612688,1.87200424348563,1.58314526061674,1.33245742988421,1.78533694603729,1.69900834686077,1.93339123527212,1.25126699183661,1.49375295196369,1.06775968804385,1.09242596900669,1.48117739031146,1.1334111816871,1.29071544962503,1.44782360477737
1.59971751347171,1.42691267115386,1.91794138677322,1.48756754747013,1.95789749126783,1.89964871522954,1.15256578156378,1.05040821901076,1.99659976549288,1.14818573470609,1.12072819663246,1.85056244994074,1.81633050079287,1.9767557736378,1.50181585294279,1.71845295872467,1.61089063929901,1.37382009642842,1.30159821887575,1.94334806964889,1.15915704200005,1.00060656527086,1.87673930445534,1.41042403383666,1.49435951770021,1.9444989924992,1.50285000330901,1.97553690801167
1.0779101741863,1.79356545293404,1.42336051232338,1.67762768765801,1.22047812362224,1.34130189863094,1.16519523466248,1.17837561489007,1.24095061386048,1.31776101622626,1.22878383390083,1.2375503788877,1.46594675139801,1.34951203053329,1.08811282836279,1.28227725172521,1.32626780417108,1.58992868177124,1.00073020998423,1.93715844347009,1.96374877819966,1.30232842885998,1.88050651265332,1.12290581973405,1.30293499459649,1.75724581710866,1.53332985357071,1.7972945122967
1.7017448091422,1.03617985641406,1.7728314198427,1.77965498332849,1.82974530981376,1.19619193170042,1.45728267052084,1.05022343297034,1.53749383079703,1.62247790518332,1.22859904786041,1.77844444465751,1.94023892187525,1.4573828822269,1.01599482307955,1.40618567280759,1.80689491276019,1.104107651908,1.68846292453281,1.13316271646561,1.69403633367924,1.68919313451703,1.07032115993571,1.65778511141324,1.99152156337701,1.95082767258902,1.78069093114729,1.29445655750784
1.70807348923202,1.31402078425233,1.09175106933888,1.40981829837422,1.35020064113205,1.86458248918158,1.18947328123705,1.17994595048015,1.060774420882,1.64675595222356,1.23016938345049,1.59826825167903,1.26923385694122,1.45876843177656,1.37671269587088,1.2094727783508,1.91615131400346,1.39270751895043,1.61565845115839,1.72304622629799,1.49681517085843,1.30412137522554,1.85620894322927,1.19085150407201,1.99331450974257,1.92653010316497,1.84863661548525,1.98483607311958
1.87735777528833,1.62932754616687,1.27929263016176,1.58543126452036,1.94334833088487,1.3710436999663,1.99524956289458,1.29354897155126,1.23562618868222,1.18472284366597,1.47349492203141,1.29640060956422,1.83147879588952,1.7036643054819,1.89466886124325,1.10071265283074,1.1624327367928,1.27138155664847,1.31018543118154,1.07858405033061,1.66408907606457,1.9258438828056,1.80163027709426,1.16090424645734,1.22996525756547,1.65783921985786,1.35175575099502,1.22327976730805
1.58436932255717,1.2003923660146,1.20811583996197,1.46172709737985,1.82971991264714,1.48740847012373,1.04715836143454,1.77306824306635,1.85845217009003,1.04240792386346,1.06661721415195,1.09407835877225,1.22713076799509,1.54011213618336,1.39047896833647,1.05860956341895,1.2437764411996,1.28514782957972,1.15932221624969,1.40620917845807,1.5565293862282,1.46950764789689,1.48479322878867,1.2206184618271,1.39535153023682,1.28642350541727,1.38152270875011,1.6253167878023
1.94426272527513,1.73327845974512,1.84859655511034,1.52863204736665,1.93367082575973,1.05671239460665,1.99035914521215,1.7633907379412,1.54412086519605,1.03751750618104,1.53645898054189,1.40257303482041,1.07992543051016,1.60307619469384,1.49665139359266,1.30705619850525,1.14318833041153,1.88713036239479,1.36566576192419,1.3869647720768,1.17227819150885,1.52498797863954,1.79317395053486,1.72880757773705,1.99449562653643,1.27796717885787,1.94942604002982,1.38984715630759
1.5643906847408,1.33094874831426,1.01516394364422,1.50865340955027,1.06422720759373,1.86376049922023,1.03728545691692,1.99789803335345,1.92047289382688,1.02764460166341,1.76128877129466,1.46459375855727,1.06516210784445,1.29774775137089,1.86716679384334,1.14508753835461,1.90082394653038,1.36381818697034,1.45214373685985,1.04401227647625,1.25094854889947,1.8178094992497,1.43097704855305,1.42322674040833,1.34279747742358,1.22415099862225,1.15203431814538,1.33729310349435
1.50211817794578,1.10146035770954,1.72714025980194,1.06650886222092,1.4324091060238,1.74230420344616,1.57516227177119,1.49663631361753,1.60606470220073,1.61244772868811,1.49453434650532,1.52653759602762,1.64009233035151,1.25582311733431,1.99113135458489,1.70525443866162,1.55357086917086,1.85829814796257,1.85034197701623,1.45439481523558,1.22211633493291,1.30248571387608,1.49840709171184,1.47306488383238,1.12029521266012,1.92938414073055,1.89629162470637,1.46309269008371
1.15353513888714,1.04832594238609,1.80038579357806,1.65565331683292,1.14978630009563,1.52752605291434,1.72216217905384,1.58219540611943,1.26983025589484,1.29732445082503,1.07883171927129,1.87589495856124,1.90977217951313,1.57336606577661,1.40243255412319,1.54986450986465,1.82918918357659,1.39356390824242,1.25511894806061,1.38276005228179,1.25186205620498,1.10546092461118,1.83715486751737,1.4739783911379,1.40794663848725,1.33556195876354,1.94704327497028,1.52824185114738
1.26494609902843,1.84333489921099,1.99133454123108,1.41848123838123,1.89166084159709,1.79172033434348,1.07413455474849,1.04144714122705,1.31924638679216,1.79629673426798,1.62364254734649,1.58907664315266,1.09362118462735,1.70247426661778,1.46497160124824,1.00339336367482,1.27584033239439,1.86740415537143,1.55325787353947,1.10502951550532,1.26096806314819,1.80837682160008,1.4877895677871,1.51283011935317,1.91383774667691,1.32494443483881,1.98680851049107,1.32178438469851
1.66050639360235,1.93385178546135,1.85002623631154,1.92545249309645,1.77718668420668,1.84136077707697,1.34393373101202,1.66884752580377,1.63308111142045,1.4180682857605,1.71029466703082,1.95232749821261,1.21436501956282,1.33393721437731,1.54140414089961,1.30798620419017,1.03641148052943,1.00637574168219,1.31137956833065,1.31225181292382,1.87377989705362,1.86463744187012,1.41728132842913,1.13474796020181,1.6730142634702,1.90507089621624,1.64757807955499,1.58685200968145
1.23001533058938,1.63438659004606,1.90863639437996,1.8905217246574,1.56823837504174,1.75866263022584,1.81597421728818,1.34542505878276,1.60002340730281,1.15990794783454,1.01427258412087,1.2331045182576,1.57797623359504,1.72456725161735,1.18543201600454,1.79234125362353,1.058504465529,1.72683615736982,1.10032745734804,1.09491594605842,1.73321189905201,1.41170702567869,1.4071677594479,1.60699179610563,1.27634446754881,1.82444908787704,1.74173975630744,1.94935873101901
1.72951998409327,1.38931783539677,1.5362107402348,1.95953531468265,1.02370442497716,1.4448471341491,1.85005703887439,1.59194280001891,1.20350976437494,1.66603125569691,1.93736785926734,1.80353317167774,1.82593920353145,1.95164044338821,1.03663768946968,1.40391543712649,1.6762076945399,1.22206970547422,1.19625669028436,1.7347121600689,1.94890586284404,1.29658414763239,1.82962810659298,1.68211776189605,1.70829117377675,1.23679586557522,1.28910955753602,1.98463564132556
1.0612449529866,1.0308493133778,1.93399437187891,1.79076493707987,1.42016714877457,1.47020511164805,1.75030025176252,1.44387157421739,1.91505224579715,1.60035729017125,1.03581437377064,1.11856200970642,1.26638854586817,1.97318223303798,1.92209518138417,1.09232774893396,1.92482267642618,1.95873287085385,1.49624318606045,1.60103037050042,1.18080257632807,1.69249987634481,1.33574253056931,1.12970843870645,1.98908402444286,1.16537063669663,1.8118262006025,1.69737519775395
