2727.00052668398,2707.00222200196,2929.92534876477,2931.42927866243,2668.92684600809,2786.03486174862,2871.8164640272,2691.00533243519,2790.67742356061,2857.55134900527,2930.58064630413,2902.94361825976,2888.099660923,2933.10506214806,2641.09061482985,2833.601909408,2805.77185770897,2771.77195982521,2555.0637505623,2891.82852527725,2641.81174281338,2871.05123926699,2745.84189817272,2815.61298502619,2925.23842541846,2819.83232873269,2934.85663690174,2847.40017484447
7381996.48513403,19.1660028949792,11.5803956539201,14.2253828957036,6.10814686251905,12.206614629179,9.70059809602177,7.09493756510336,13.1679428422557,9.09708941180315,11.8042933473673,13.1966067603562,13.0947617136107,8.00054136559471,4.7393169064176,14.2001019924956,5.93456310975124,13.6957692586901,8.45905294837828,10.8978982794269,5.96051964544987,11.917364409586,4.60711566544176,13.3181333883627,10.4639335393421,5.82449615520964,5.47875726772305,9.51253933230523
7989907.96922627,7931536.37930272,20.2323022218921,7.12439192743004,9.50389549969195,8.4685648943911,5.2699444126981,10.5115541235168,13.1806267195763,9.61374021239492,6.98362119612862,3.50399308675996,9.71206593827745,6.65650426048911,10.3719505901803,6.80070568172284,4.02688854840805,5.1071702587283,2.69216097813884,9.62104996492465,-2.07225837357147,8.16458022756701,1.38738415742761,11.8268222842248,10.6168909750236,10.6512677893599,2.30655227801402,3.66217178101827
7994009.18684927,7935658.21471054,8589177.83007716,18.7577657100224,1.41596808778683,2.46418842451268,7.4194535004403,5.14899157849458,8.39843421807369,2.01480211429684,6.11576809526035,-0.114147173258411,-1.18395456402773,8.91381332652707,3.40420787852203,8.95264172385732,8.15062662408629,-4.11852005619272,4.82675334152391,3.41295510992823,3.33914354697592,7.80546748023286,7.24135149079342,12.7472980534032,6.74066541034341,5.92412773962714,1.43108640575434,6.47466501215109
7278164.91474507,7224907.97126503,7820019.44056134,7823951.45959821,13.910738562336,-0.403055776661008,2.98630965193764,0.752321590369515,0.851768749742443,3.25061367627912,-3.77567638072102,1.70480763692752,4.85713125618126,2.7891514037112,1.29929618619989,4.03001218445674,6.49628053615297,-1.62157310601083,-2.14799352191469,-4.56058631959781,2.31355021620108,4.51345962376945,3.80834085183002,-0.709159118414517,-1.36646356059133,2.00640995526815,2.16039190706405,6.24608306730358
7597518.53534841,7542036.51333975,8163186.85997097,8167344.36491559,7435876.16299461,16.73519260983,-0.986314624458889,5.27575185507594,5.51734275200486,6.71239839926976,2.20955730162305,8.79206347142466,2.43543572621796,-3.03604920690624,0.28208815230661,2.77179682082918,1.83511913847667,1.46268133802705,1.25575499392532,-5.05730619399822,8.41326257753249,2.07649415773103,-2.3704705462254,0.7345969897379,5.01763729588745,-5.95895170975754,1.46479499608353,-2.43732180572487
7831445.00994189,7774199.47099461,8414426.81482539,8418841.57783625,7664829.44281126,8001144.39876917,15.1821372045914,3.46067779752725,0.520889749367522,1.70245550723712,-3.26044295164432,1.67158958523012,1.52648846022172,-1.46411627633107,4.40222770901774,0.059503075547172,4.01794087445332,2.62539347795919,1.33214528167703,3.37972592116057,2.33211346097069,2.69814470704019,3.46600345274144,4.44008254293312,5.61778111186482,5.98156969335356,2.60577027091986,7.28818979381322
7338372.95886014,7284693.39591507,7884739.57228702,7888764.22074972,7182257.36827648,7497510.96784411,7728285.42521886,15.9205031652122,6.50514823583142,-4.44272469958669,1.3491319022886,-2.32877611327699,-6.68454318643787,7.32190722632464,8.77156353107996,-4.32981529210035,4.58281667456894,0.845331875245233,4.88286934806061,4.89601229721767,-0.365999749750398,0.128126304267907,1.44437964550553,3.62809261640535,2.35256910354441,3.76075366791603,0.0282736391660552,0.953484397060831
7610178.80385485,7554622.36329989,8176895.68792711,8181112.26556866,7448343.33396455,7775309.63273884,8014577.89068295,7510138.16277856,13.844213939678,5.54844409339674,2.72863485804651,0.500078022402185,4.42921209159295,5.50489263839145,2.80830865067717,2.58882839433715,1.73653067594029,1.5401224536008,0.655310082206842,3.05208145381419,0.601448714014794,1.82480823077638,0.349540057924208,10.3452163965686,5.00969081910825,4.53338742937701,2.82317054563031,-0.236119527500231
7792544.03376387,7735572.20608395,8372711.98883965,8376945.38457465,7626790.5148798,7961546.12476655,8206545.80440719,7689834.91040412,7974856.06602144,12.7652117608023,2.13992225283968,1.58117309552216,3.8791364823862,-0.193753799547928,-3.32704693074503,-2.8690693438387,0.137240251508072,0.301384764391913,-0.547836028072928,-1.04571875741066,3.86326232727374,5.67045830972982,0.986500247463424,-0.709192984508126,-1.1946207675945,-1.71662378727873,1.8572123233189,-1.49555180209384
7991694.96596125,7933314.56242169,8586660.51532795,8591122.30284962,7821599.97256171,8164956.64705843,8416223.48172402,7886415.80788004,8178657.92586312,8374504.99453114,10.7101480836884,-1.80803189046108,0.490910672398031,-1.20783865456898,1.62824345951834,0.541883905907459,-2.35811378818347,0.563641896847964,0.503863791546478,3.90407857508553,-1.0186284750369,-3.35332216410352,0.656063316930739,0.47262740293412,1.35551728725685,0.865502419770338,3.76444704905673,0.567647861406525
7916328.77592824,7858527.75117893,8505631.80894887,8509984.46633111,7747881.61712222,8088039.05031126,8336888.70862377,7811983.00712112,8101440.82147447,8295564.66773749,8507479.71571029,13.8216776906069,-3.24739891791537,-1.94207828633323,-4.27064120873637,-1.56975438945606,-3.14563351049164,3.86084522334961,4.95274739854591,0.913054612738635,4.48893229283703,-1.71593780089722,-5.53204660547541,-0.479180607284908,0.0910884530741832,-0.962619744600739,-5.50455553338283,1.85792421558346
7875849.29645284,7818343.17372257,8462264.54627215,8466493.16794586,7708364.8960129,8046624.31181043,8294296.85891171,7771995.85167255,8060081.22398985,8253241.71606529,8464022.82130407,8384207.84005371,13.193286907165,2.3741189130743,-1.4597894737119,-2.04501501672442,-5.1335418608042,0.778700186930216,-2.42961281601185,3.94530141205509,-3.98299357869075,1.8299836955241,2.67519090253272,-2.29510016011711,-4.38030835343542,2.00486070408536,0.413875960421351,3.30058929504221
7998579.0492972,7940075.25899896,8594006.19801828,8598518.49410528,7828406.39456292,8171857.01914321,8423507.32862089,7893271.57603817,8185726.73066014,8381634.79797986,8595895.45348588,8514702.85959801,8471274.23702615,13.3758065348729,3.46454701939279,-0.837791199672015,3.23120909015363,1.22453053344543,3.188078940107,-0.189370677677842,-1.90599769613611,4.80289436550091,2.23928857296668,1.14187895238849,-0.0851345603303931,2.92412003951083,-1.32347261972565,1.09654098496954
7202255.4976611,7149528.99661446,7738463.07237859,7742375.5236853,7049028.06145692,7358328.79822517,7584923.83892792,7107506.45477921,7370760.5535616,7547149.48852334,7740089.41867038,7666961.44242132,7627841.6968393,7746859.40788504,11.090085249099,-1.14296344252717,3.94936535239872,1.47763259952868,2.04174662320216,-1.05582337377573,0.589774995824153,-1.27379801790487,-0.205330826347434,1.2367358952331,3.23244737020372,2.38512608531608,3.90425574061872,-0.726602393595903
7727233.89936834,7670838.82423233,8302544.09941484,8306921.98564897,7562896.31352424,7894811.45454834,8137834.83285344,7625405.10837551,7908047.11860005,8097404.3389772,8304360.38400668,8226012.28505611,8184000.18870802,8311462.95953237,7483947.83098495,11.2046298145478,2.66962385473862,-0.352633844621735,-0.771860367564366,-1.52842674830437,-1.35120367839674,0.121714228480045,3.33828200984488,-1.34633902462968,1.21929845326894,1.66754267478763,3.604647879815,-1.52497432197964
7651341.33372744,7595344.39510248,8220852.28656731,8225187.77104457,7488576.26421182,7817132.92997087,8057879.6695885,7550574.86688238,7830275.45839252,8017777.58167474,8222641.11287584,8145074.12894394,8103416.99695759,8229860.31928574,7410538.70601947,7950677.73422455,11.3256475676638,-3.04147269922813,0.0120807432697717,-0.241532463314338,1.8562072279913,-0.60880665126463,-0.422384692790708,1.70266544687361,2.13320253222216,-3.10463854301164,3.62420447139689,0.341577067437372
7558623.59429122,7503455.34728282,8121346.85832627,8125407.43561719,7397760.39939992,7722478.72129936,7960183.13714407,7459011.81343231,7735369.38047776,7920663.74913079,8123086.2279311,8046562.93184112,8005387.52377514,8130017.07498083,7320629.29197258,7854273.78413859,7776994.25821884,10.4607667419825,0.96380643049685,2.27112597196891,-1.00930705288848,0.839877587966633,0.521759017687201,-0.622807283529382,2.77441989532705,0.207396353463618,-0.0682569058612568,-5.24990622107418
6967660.19349453,6916725.37636209,7486298.47827701,7490218.73963274,6819332.44664456,7118656.51328877,7337818.77445664,6875890.70256801,7130592.76309705,7301317.09087681,7487987.69222352,7417391.76230173,7379324.8582873,7494453.40222028,6748306.16153813,7240176.00635933,7169055.63792974,7082212.32424907,9.26417746748604,3.24605262057925,4.459791824224,-0.519695821623117,0.00755631459209987,-0.532771875689767,0.445686463421259,-0.815587293154691,0.0797432016146423,2.18782189137464
7886017.9115108,7828395.11272412,8473162.55845531,8477478.39818773,7718178.18009263,8056875.20189396,8305025.19106101,7782181.53838334,8070503.63211101,8263685.82967898,8475002.94757805,8394939.74312982,8352119.51639118,8482269.42324779,7637791.08895109,8194475.92790286,8113900.66507208,8015722.98665138,7389002.80776594,12.824296795064,-1.54532280137382,0.925795197919679,1.84775965843028,2.42703903965495,-2.17112076229471,0.364568950367698,-1.59353275253524,1.32316547038526
7204222.014052,7151504.49724345,7740338.29055146,7744416.95356306,7050855.9070093,7360382.91572555,7586904.14973117,7109215.55789391,7372579.15560105,7549275.98088433,7742119.42936751,7669254.51605535,7629857.32846396,7748709.99395175,6977268.51620626,7485954.40988711,7412437.33668697,7322569.933994,6750131.50440562,7639651.88824697,10.1844007971027,1.16690056317884,-0.566009047595448,0.733078973711986,3.30053241427404,-0.750570280956242,-0.461498867621544,-0.374879938518862
7829358.24161776,7772170.49241798,8412268.99958056,8416657.77319884,7662849.95492348,7999115.62091297,8245401.15685673,7726250.48811757,8012550.77357686,8204494.11724446,8414052.74865392,8334707.24651801,8292196.60974148,8421402.38174862,7582881.63754501,8135718.84171559,8055738.32655517,7958087.02194751,7335868.60495114,8302806.2886147,7584898.73020049,9.18588153203933,2.06871533302794,1.27940762682593,-1.4921445750666,1.65323837711146,-5.08756025372207,1.47436149578386
7487912.30250795,7433088.41961181,8045193.20335444,8049452.5887091,7328555.71377672,7650055.87839704,7885726.03312841,7389185.09548084,7662904.96828397,7846464.54338867,8047000.60626793,7971001.21568512,7930397.6017047,8054024.72168157,7252134.31855222,7780802.66712611,7704352.22545184,7610878.55165885,7015850.10238461,7940633.40126941,7253991.62619631,7883647.92964443,9.46185105693871,-2.62617829387703,-1.7126876437522,2.18491703346205,4.70911786042596,1.66128405475053
7678178.09310467,7622125.86214653,8249929.37023627,8254283.16698232,7514867.01854329,7844702.65020602,8086274.39289745,7577190.47090776,7858078.48993648,8046061.63615643,8251725.17755808,8173782.28365263,8132040.52425641,8258870.73074536,7436624.1163848,7978710.79867066,7900283.75050801,7804448.72876533,7194315.0745297,8142657.44141668,7438445.94532523,8084161.90725729,7731392.73099545,11.6761034633581,1.84060473475401,1.85122378933873,-4.53112414060629,6.96214820537107
7977126.72679234,7918827.46927378,8571066.19445163,8575480.49951609,7807402.71768871,8150135.00333418,8401031.60048561,7872135.08925752,8163845.27453854,8359270.74633749,8572912.73795372,8492021.86181404,8448570.82511709,8580250.5192807,7726109.22325626,8289276.85943409,8207812.57305201,8108321.74520469,7474376.43241377,8459517.23075108,7728098.80405337,8398767.32267551,8032327.5854646,8236816.75750221,9.3195077622847,0.692220451261605,-0.163221776679526,-1.64895201815046
7689684.24561455,7633404.01186251,8262181.16885923,8266408.91226027,7526099.30783028,7856226.53573478,8098300.17610089,7588418.26718215,7869568.43103719,8057946.23411694,8263908.21264155,8185864.72531861,8144152.14132193,8271147.23449366,7447708.80824073,7990494.14315093,7911961.79101446,7816071.79009666,7204972.66393771,8154741.01853868,7449424.33598008,8096128.32360681,7742995.57284313,7939931.75680253,8248926.18246983,8.63397661657355,1.07479498431672,0.578732815234933
8003355.594573,7944768.44322784,8599020.96848856,8603445.88827636,7833005.1327176,8176726.48424332,8428490.09792981,7897804.16644336,8190403.27039149,8386638.9780062,8600962.21018363,8519745.8759008,8476313.65004438,8608317.37666731,7751361.51555328,8316383.31607537,8234692.23023792,8134816.99840725,7498782.22426482,8487167.99700646,7753378.31946356,8426190.22468023,8058779.84931677,8263510.16432637,8585296.99446801,8275901.42175505,9.77235677783114,-2.91685094197105
7764861.77648091,7708100.91758911,8342854.20348945,8347235.10111831,7599691.73240334,7933075.9299318,8177502.02403262,7662540.62045457,7946401.89381261,8136718.71348912,8344664.09625991,8266001.14478956,8223788.04288736,8351920.39435306,7520383.08733333,8068608.38927727,7989324.73649527,7892426.62754771,7275428.97064308,8234399.92038864,7522374.60697878,8175275.14028381,7818676.13435738,8017536.30488922,8329487.10248259,8029423.46037111,8356731.11731858,10.6449840310679
