-5147.44419520540214
-5115.76182404330393
-5525.07767069749752
-5546.65403850648545
-5040.15872723980556
-5257.52360114117164
-5427.27494594134623
-5081.79838574051882
-5279.95766205998461
-5390.72349251055493
-5534.34589089819747
-5481.19546740107126
-5457.76007777622544
-5556.45139961610403
-4988.07051450363542
-5358.67779838676324
-5301.86157981702581
-5232.16428977424675
-4829.61331512658126
-5467.73296161130929
-4989.80312111378043
-5427.56911569710155
-5193.02436776506329
-5327.95241926516974
-5522.77032525948925
-5332.07145263838356
-5543.22109956739769
-5385.75434620583655
