0.0426046465420049
0.0146202837155499
0.0414748065102774
-0.00301360718104588
-0.00552654471892888
-0.00763230641529644
-0.00622170483265296
0.018762957404461
-0.0224831014345718
0.0415915309540102
0.0233982628689758
-0.00581288107471435
-0.016093912212983
-0.0652798270004157
0.00611498148595826
-0.0231419033956653
0.025108121429996
0.000500187829691819
0.0117950147154232
-0.0257641108166235
-0.0400919439536792
0.0061772567382739
0.0105007596708962
-0.00950292019749505
0.0206249188877173
-0.00572892764636028
-0.0232706888059435
-0.00161921859805023
