15.16695663150140
15.46925375516971
14.19207376128121
13.27811133835706
13.43650884604076
13.21962990445137
12.91777709353330
12.96015245469294
12.74534102791298
12.58426949011583
12.30747020265243
10.94085531211134
11.22401293538244
11.42738068776509
11.73085064252239
11.05200225688702
10.44448316639871
11.48483147580188
10.22737191225463
9.47964250295823
10.08011467985114
9.64736812362461
9.29690718076775
9.74117644571760
9.63526725196748
8.67382826648181
9.74299503008625
8.43388269311576
9.23084361396052
8.05051138896641
8.26062941243439
7.61431345062709
7.69305593407496
7.53601988939402
7.77414417554379
8.08609088261207
7.78996612575683
7.46425382941152
7.60597240722277
7.26531169527139
6.37035711412412
6.92603012216927
7.25292868094932
6.27310704269010
5.69744297813212
6.64684653882150
6.22917400499135
6.02095873674636
6.51851059460691
5.60315250479551
6.27052659573481
5.87277812482101
