1.49906165641689
1.52546368843199
1.81027379949124
1.05047411287691
1.08040641764198
1.19537609498733
1.25324708700797
1.56196130093278
1.22221670496381
1.67836173934786
1.01752154343646
1.17180299673779
1.56163402253838
1.53810896097594
1.73135616617806
1.62094196845821
1.11408417118438
1.07043511237504
1.36051447100961
1.75036891305371
1.13749769615824
1.05136454480298
1.83555571028756
1.71347132498094
1.23821272013626
1.56885750804509
1.13015156710993
1.73396712110097
1.72533798065285
1.02828835650733
1.80745176589463
1.22439963660408
1.55375204493932
1.61772556492022
1.27487374948099
1.6341584625813
1.8131016603732
1.52812083648896
1.19611976304842
1.03531836487135
1.20648257537115
1.21364130695054
1.2071213620748
1.76811659790953
1.75175026792649
1.93847752825286
1.38905856636775
1.86583443911086
1.00891264016224
1.74957303737736
1.61620335169891
1.14641033632048
