0.00882581284905
0.00479178154299
0.00312970552227
0.00723925024127
0.00274298410461
0.01996522622786
0.01762865849231
0.01288091931069
0.00827075200754
0.00431618198497
0.01693789766418
0.00560258041133
0.01532571734151
0.01788472739358
0.01350575015600
0.00804187784542
0.01357957420906
0.00717359413152
0.00224595466646
0.01399439266418
0.00606230956175
0.02138583828194
0.01478083778123
0.01995008470393
0.00664017652512
0.01829938805034
0.00336850225991
0.01427069881198
0.00954298743332
0.00859504827531
0.00529708542816
0.01444340171318
0.00994106652438
0.00491640735188
0.01924413127945
0.01102787075457
0.00452974100793
0.01519113215919
0.00212486210932
0.01000400254727
0.01636091202132
0.01746953923500
0.01455036273797
0.01036148974191
0.01247778649884
0.00527542381501
0.01635808648225
0.00518993136173
0.00920881073074
0.01579620789268
0.01744176796888
0.01379153792777
