1.28682723421921
1.11461490630853
1.03686577595624
1.2635315383149
1.02946267278374
1.94508596646836
1.8070765257846
1.54348933861753
1.31668584901685
1.07588446330087
1.75065631174979
1.18628276706966
1.66261821271042
1.79920117640831
1.55091805222953
1.29935143669106
1.58209378858194
1.22503167447868
1.01029648259762
1.65578507615988
1.24361596686934
1.99614625051438
1.60194881707521
1.9159551192615
1.18045399253278
1.85610338340332
1.01470238017603
1.57456276871942
1.31433243505393
1.31855124482818
1.10969340014723
1.60115966927314
1.4331661511367
1.14655917610347
1.86469120758804
1.46262882438611
1.09164514257184
1.67176773290698
1.00611816253798
1.40833099158869
1.74765219667351
1.75677447428777
1.59461375912401
1.41027040891828
1.55597565023041
1.14553181088787
1.70962184560933
1.13806943881236
1.37056348536655
1.71991832867261
1.79385451497224
1.61417945223589
