16.25393915528029
14.84564775395759
15.45733332903234
14.45489825253664
14.58917393801714
13.55004670419791
13.23463543306681
14.07024501931024
13.99569259119849
12.90006746965458
11.88385138385025
12.14159644508658
12.41979741083724
12.21482789747822
10.64101485580661
11.50176476499492
11.23686979409061
10.91657895127713
9.96328003528779
10.20066773577369
9.98514759516179
9.80720613291284
9.52819287239546
8.68149974837319
10.41422943050244
9.58584545650310
9.29968987186186
9.48252960574698
8.67095492108482
8.92228998598756
7.69797244148020
8.55901848252099
8.13221042662753
8.19024947064150
8.04974700875280
7.17213235488562
7.78000388730456
7.22560371290846
7.48339844520485
6.66122665100592
7.65090246376278
7.52882062369457
7.69580091766472
6.90756805585216
7.06862905145645
6.18269990362047
6.74999072165185
6.74459429468153
7.52610572861901
6.47962117302620
7.05308155159740
6.75590635781340
