1.19109482187363
1.87457496899859
1.68139830356529
1.85331834193939
1.642685633452
1.42224901468598
1.5904002606824
1.18543840394609
1.20858266493705
1.68977660764464
1.57982159665777
1.72737900480972
1.66090694007506
1.63078969280738
1.67835009083075
1.22018230064781
1.03259972996665
1.86709929670538
1.22910165285184
1.07271961079571
1.84091782562477
1.56909156477502
1.13404424541353
1.10009303181437
1.15001145338174
1.49413979262772
1.64008172305305
1.79463092507544
1.81458591055804
1.71782294554535
1.64644768305423
1.00568073243167
1.59239791407827
1.32784598661952
1.85899907437107
1.23508354706461
1.7500950013055
1.44939933458781
1.42052195101069
1.95867766624255
1.13917594176679
1.00034354766847
1.6860566705866
1.80008288184185
1.63113324047585
1.36440676095169
1.02026518248965
1.6637329704425
1.23150605719141
1.24936683534149
1.73645258170387
1.07242388281618
