0.00306277339691
0.00896734087181
0.00165597736487
0.02089953485077
0.01122671674176
0.01518514272652
0.00869697711271
0.01584497294339
0.00791104313619
0.00373271063099
0.01119871013991
0.01211183228806
0.01418201624138
0.01140644887737
0.01660711997313
0.01797957615212
0.00279831927534
0.01415476039101
0.01123961085760
0.01133105186115
0.00462817857170
0.00456175130456
0.00939747390916
0.01295239818848
0.01607628213953
0.00701094087988
0.01968856414489
0.01745926789146
0.01312607641300
0.00289966538432
0.01834031746368
0.01594806686173
0.01070466403251
0.01857980086741
0.01611356835442
0.01926841519948
0.01292851106659
0.00409616766828
0.01459700107939
0.01955906480987
0.00657155257460
0.00669788334537
0.01069356720808
0.01928912308939
0.01717912386019
0.00676202658879
0.01739332527432
0.01764680609283
0.01960888216740
0.00726008927621
0.00915716319513
0.00363658582246
