1.10885996050614
1.39120642719381
1.03270475707609
1.97751943114098
1.49019769741697
1.685577800351
1.37150559265702
1.75821016484788
1.32921745783147
1.15238202882576
1.55791899122201
1.56819544246802
1.66646549928303
1.52692025179366
1.7913555585739
1.90450360109308
1.03779473436894
1.62871113402243
1.48748599155223
1.51883767150288
1.15208486847211
1.14530864597545
1.44764053097351
1.57548155429563
1.7060202410007
1.28847781069972
1.95635183479467
1.76075159747189
1.66140341184167
1.08652166234633
1.87856549857118
1.77026337281347
1.47772808954014
1.91127025564726
1.74778280348879
1.96792578695711
1.59684805599826
1.11928839568016
1.72613595133933
1.92606551382973
1.27167042450591
1.28405494256134
1.49426095583209
1.93813592425461
1.810975194355
1.28561651440599
1.84263952488203
1.84876992872393
1.91432764842842
1.3301255159686
1.36760760022682
1.06641251690053
