1026.56246654003644
922.40091602755763
845.30797543441940
972.85381147467729
952.24516662730707
805.92321289787219
1133.57069150975167
1022.66060148377403
1106.65048178431061
878.69719670159327
835.86794144141402
968.95176360503206
952.85609774821296
1090.91170918054968
909.12758210829656
875.93293137910644
1088.45743891855636
1063.43028492788835
808.31355855900733
909.14987971140340
1105.38498455953231
805.29891577422575
1060.07017862003454
1143.41310542827023
1177.22750683910272
1042.18785425703754
1066.14066293776477
911.27554419862349
993.61972122255247
924.04430954885959
964.29491166604134
903.27620389302217
917.00761421582786
1017.90091003565965
981.86394390891780
932.33978091865924
980.95185038321745
1004.75134480906661
1037.39273384473972
955.78840012508806
1086.26964203548960
1041.25885447852284
1049.67128761323693
778.97202960447521
919.81953925241351
973.96725030811785
963.17450596871174
1208.07690275363802
961.79597660780371
931.84371089666649
964.17711094932383
907.86661723451698
