1.07072946758509
1.74847437895298
1.78410876904806
1.77927501023713
1.71812861213373
1.99847462586988
1.52111493960075
1.5385674636525
1.44111566731758
1.20739214457916
1.44946588317373
1.15247715318225
1.05315274328606
1.75268809904935
1.24313890759048
1.97916224784179
1.90678799054901
1.20534092430274
1.37898385914927
1.20681303702612
1.35521181782485
1.08001103628427
1.8019732585186
1.24337185371824
1.7864530891117
1.9865629691568
1.63892275683532
1.47079946169201
1.17043053413296
1.4823928011965
1.46028192781856
1.24116000171805
1.23086717968381
1.24439069640096
1.02043501195518
1.94899579228321
1.24286532180517
1.54154995155593
1.48756325547004
1.68398098958842
1.74894209613509
1.93702913910943
1.83645814277067
1.80209483942115
1.68971723769313
1.07959705036115
1.78125708679727
1.59650522777648
1.28493797466389
1.16024094548088
1.8033182648026
1.64014979248873
