-1079.42419095842388
-957.54451706128998
-1035.88440603075060
-1077.46000393544841
-1026.55301685447398
-1021.46890107703121
-955.62678699399669
-1071.03915137496983
-960.23096333354465
-1237.14355088132152
-1086.93221331359473
-1019.59165718006932
-1073.57518122135684
-1032.93240970301849
-1182.96537763252718
-1029.81527447247663
-1063.77782708040854
-1046.92168175805136
-1001.10519671524969
-913.20469725171472
-1049.00691643308687
-1155.08582912588963
-1141.85304569172285
-1061.74706988021399
-1243.57314688139627
-1210.95752403574556
-1254.25287877983260
-1124.65813006801136
-1028.41098120708671
-1135.81263495497728
-1237.85855051369890
-1122.45076874838469
-1125.05576091486932
-1025.53308797450313
-1164.85422819383894
-1117.45999255123866
-1109.23805899121817
-951.58422799972493
-1054.81497256027478
-1066.92469141754759
-1000.50980079273779
-1043.67869891224200
-1276.82992047101288
-1067.11682239482684
-909.74227822701732
-1156.23407243372412
-1190.51369133135654
-1052.01974107902356
-1135.50617593779702
-1157.29592374658137
-1086.24786560287680
-962.88453117716790
