1.07335221072349
1.88596018351892
1.05807377912946
1.96939017482539
1.15910886188928
1.49104880517863
1.33906580663243
1.98871364583667
1.48941531613908
1.79167167599856
1.34025614491676
1.16964023801016
1.62621758907392
1.258815019512
1.42944758451984
1.73821858025073
1.0744069051344
1.32680231254865
1.82650794872386
1.75719822838772
1.15992136353623
1.19521051607803
1.1608770620827
1.25372674793644
1.74030559637598
1.6615758816067
1.43064501016896
1.12005752842876
1.64026436565456
1.4708891527126
1.99617568077341
1.71361657637806
1.35684933623152
1.05424945990287
1.68300675120345
1.5159581981208
1.5452982650815
1.02207255737021
1.50467184349181
1.03471358075492
1.81374423336878
1.84492798840857
1.20435381876507
1.43996182197703
1.10374300792056
1.63380140328491
1.1781804017621
1.17814991305496
1.96060371629922
1.00468835048596
1.93534814144268
1.12052507936979
