-1.92054999648235
-30.07940812128159
9.23193907030400
-1.01089644701819
10.93048808912182
36.84752315869375
30.33460288560052
-28.45739774938507
23.07452866737806
26.96720775388905
-24.18413010011245
-27.55364755502432
-75.02019048078854
-25.45240122060448
-31.55854659210126
-13.01520642767179
-38.78110165690448
-2.87889639511815
-24.30161180686490
-21.34620995304144
9.71432275790194
29.45816713990977
28.60091691924365
-45.97682665866399
-1.86948795613319
-25.16583638288511
-11.93334043763315
18.79935577730276
-0.38200944789264
-8.97869097072951
-22.89329499964796
-15.88480273135850
-29.33135065283818
25.65535025912788
-4.38617633252052
-10.33489855491995
-23.57971983123378
2.46736104455895
-11.96067438326489
37.47272216888803
-0.67354380714538
-46.83282703671610
-17.67719267973986
15.22132018859922
4.44476178526260
7.59609194460131
-5.67479812490038
-10.88484433227473
-7.90297049323503
-11.76872839624762
-15.56419327146179
2.53142320753168
