1.87441290070974
1.41531497399105
1.32859189777104
1.12710542796511
1.60602043923271
1.64637465665414
1.15179590561976
1.76628920657853
1.84051737787226
1.49055190500363
1.397900911699
1.00482731359304
1.49304753332075
1.34694123610246
1.89474704344512
1.78528232536525
1.84037134742382
1.83387171376211
1.72842505747845
1.77379545698585
1.69534069518342
1.79314536451974
1.26842911647094
1.04410765741212
1.6270833162717
1.32412523651688
1.80774698863167
1.21438338431268
1.46637865037954
1.96110849965415
1.15117075208163
1.34079155062362
1.37642347317954
1.47976264985267
1.46789697905439
1.98244391241225
1.12613730604115
1.61969288467415
1.74873311852512
1.96665468391341
1.11024478921212
1.14663402975846
1.97148199797211
1.60329232299854
1.49357526632658
1.86622904095157
1.38857464789812
1.33394661328473
1.70010075424803
1.11699970491091
1.10774206980492
1.39544144943144
