1.823888621211
1.4338302577072
1.85416253928755
1.23449165058997
1.87681584985778
1.14508429642072
1.21848145882528
1.26828013698956
1.11555405106188
1.17142655009936
1.35474232740455
1.47773568075045
1.51655691746462
1.16225843604759
1.93409959410042
1.60756470756958
1.93024934545637
1.21161074620281
1.78613471881772
1.80853563072557
1.91114288936888
1.23967494966447
1.04044525932541
1.21504611764804
1.30186422788625
1.1105798241266
1.92076551212034
1.45855388020098
1.49223999376047
1.39356320136858
1.29504747981906
1.31612861497147
1.82739345954144
1.14921001864095
1.55062026556144
1.70420930893356
1.29429431506167
1.76910172485239
1.97248944592312
1.40984836612355
1.94052827495175
1.32723177286202
1.887584046874
1.45708519241637
1.48949020937527
1.82168364097443
1.06464989952028
1.41973955436598
1.03329438671157
1.850784618338
1.22827518462589
1.94443727608045
