3.63704252866528
5.12573139564839
5.70570331699080
4.04065672603024
5.06470708367729
5.25361480127435
4.65474328703292
5.18769587173488
3.60828334564578
5.18437571353595
3.61521781540910
3.72251943098930
3.54302736952013
4.00452092150199
3.72830090293470
5.08142957825711
5.23112091039985
4.62901251799902
3.77714529674977
3.93755096264078
4.67990666939772
5.05236311550313
4.24068563907454
3.94996302402871
4.08452138198231
5.96671316334434
5.56148000129977
4.27232290722850
3.39898269612854
5.00001367494269
5.50002642004007
3.94587634600239
3.94544731156924
5.02543197800903
3.74302268221871
5.92000551699217
4.09874902026154
5.30761709046018
4.92740362970520
4.61688348765294
5.46505655653386
5.45247256685993
5.24925403985082
5.91793504726255
5.21348309801093
4.73404455297158
4.81906686649779
4.26430624938895
4.33612082441022
4.35270177379846
5.11170833323829
3.98909124634563
