3.56191209498079
4.29834901250765
3.88197515193013
6.02918232254053
4.74135848512254
5.21541969789720
3.59792899260275
5.00146127904911
4.18876048933454
4.11254028792226
3.69889155874486
4.51108550864638
4.02678158087018
4.92779934712038
3.87325125413789
5.21208600476607
4.75785997596602
4.73230619950149
5.38114838889160
5.18462739137915
4.23949062284283
5.04882412371202
3.41217864038978
4.54861028997160
4.96826699206101
4.33476293875999
5.09769950540156
4.17659451769402
4.31926339451613
5.01889864659701
5.42050692493924
4.79102661070550
5.07373727019261
5.05897168795733
4.63991117476126
4.78815950785288
5.24745513839225
3.99432977701298
5.54611039655101
3.25591786870493
5.01672118704572
4.21806570783357
4.67685449855986
4.79999237756488
4.90235466514003
5.45995687390631
3.83178062421098
4.63327839364376
5.16532682738448
4.96941862328867
4.79096953756063
5.16130705987631
