529.39602222029941
475.21184219416182
435.38607649020850
501.24328582266850
490.63906499438076
414.92332227948879
584.37818984143405
527.10281674600060
570.52641545962172
452.96899993927639
430.71128878807161
499.60184422766838
491.35049502367758
562.21464694940062
468.65949698186535
451.08216645628158
560.85569387612964
548.35141367198025
416.52641125021097
468.69264179948368
569.92417122231632
415.14793311550341
546.26123116369956
589.62541123127346
606.76102093674228
536.91832479632558
549.49263415345251
469.63295808607529
512.32768666608285
476.21880961058247
497.01412489287196
465.63949802960815
472.73541464714123
524.82048087326029
506.34727888137508
480.22405539442303
505.74388993769753
517.85415225161341
534.73966883298101
492.48883854770821
559.82009051710565
536.46816213007025
540.87155095475089
401.12486053252411
473.91401849304339
502.23483527948082
496.24449673621632
622.80226272916957
495.82829513700977
480.43763044495529
496.74902319238510
467.77201600358006
