1.24025198223081
1.6052915233212
1.88352164620698
1.02670507087684
1.59185449201234
1.52244440257663
1.49750453256886
1.7622850261453
1.00483720330747
1.95778646038742
1.00344502786335
1.23570438345694
1.20217715632272
1.02388003981853
1.18470017527449
1.44504247812789
1.56542999137446
1.67226343074453
1.12902346725064
1.31437208704388
1.60929256938831
1.96548161048697
1.11646692599937
1.29900980661577
1.04507866038246
1.89772401279664
1.89551503439225
1.33001663504635
1.05796495827751
1.69883329919485
1.97016642753508
1.29821694050833
1.30412482205039
1.8536880732764
1.32492201138517
1.89597931406273
1.37613247538737
1.82242654395403
1.65826433974237
1.38096967869483
1.78021300387579
1.66170936760572
1.61667406215178
1.98239016019851
1.68558940742425
1.80137423742627
1.42743263786073
1.25101939833305
1.4736376681708
1.55645610557704
1.56539148537693
1.08293023709344
