-557.96633748747240
-495.52146349127361
-535.47682355967470
-557.48578327782900
-530.71901722847508
-528.29166299170231
-494.20562622663647
-554.18208266554893
-496.67238316470838
-639.82759112080259
-562.00181355989912
-527.13100684273309
-555.27561563765778
-534.07219383486711
-611.63866884527067
-532.74824384530655
-549.88845155407853
-541.33560654406131
-517.97726347137302
-472.55129669183026
-542.31287469596077
-597.10444118854059
-590.25165882356976
-548.94671854523244
-643.11672468645793
-626.22977715018033
-648.44646891579748
-581.34929009189659
-531.96484866646699
-587.31749329872548
-640.31854159691500
-580.56305346905197
-581.69560451714801
-530.12996460593297
-602.43853446211733
-577.86851515792557
-573.64084722063956
-491.92960621505273
-545.51698381240124
-551.48959974213562
-517.66224845697684
-539.96973815942431
-659.96866619573871
-551.83012690174542
-470.37445002537476
-597.95848287827414
-615.38637596172873
-543.87930826726608
-587.45088889813269
-598.13209849415080
-562.00285058318104
-497.82279548142446
