1.19989886656399
1.09622520305972
1.37425182730623
1.94020446293997
1.75780108513208
1.8048968374752
1.06026199090307
1.39806545032098
1.2757859901878
1.05643767121082
1.11168202669904
1.63263532641932
1.11068713111369
1.79468877790248
1.14859352407446
1.6559853961952
1.8167613352727
1.65326536756627
1.69069897695011
1.63050556817581
1.49819335597483
1.89505279618085
1.07046738968718
1.60193636389539
1.5288541990001
1.24864779144928
1.78008627695035
1.48945791483366
1.25333614193524
1.71543441792737
1.60998299420345
1.45323500849923
1.81165962145275
1.98423482197534
1.39343947097354
1.56946070611917
1.78913165898488
1.4537014618766
1.96752615644016
1.06491764870701
1.51013913355309
1.07920818267353
1.69755297512633
1.62082626466678
1.87389696057602
1.84614649920079
1.27681166086197
1.69065829538305
1.49941186676706
1.96751063781209
1.3211638630932
1.99760522274189
