1.94085602040442
1.44681543318872
1.60805425215888
1.05864487730835
1.82529052664772
1.03020465654796
1.6738785373391
1.86313751612936
1.04622114731289
1.88150977477502
1.89718316723461
1.5310569980792
1.90936273471888
1.77716540860812
1.915653588211
1.16170317268078
1.86277997394222
1.70304455175206
1.51139218104602
1.31528787469272
1.05581736287839
1.2979338077353
1.13664113084629
1.49650887702429
1.0580151169831
1.28527760239564
1.72973033167875
1.94337588732288
1.7403725780269
1.32607359826848
1.51784401876752
1.68122859843132
1.7728890314572
1.12589827046073
1.73987347573967
1.59817955810492
1.15610292700869
1.41375201261311
1.46131707376862
1.20232407478724
1.29526178692247
1.35850024100323
1.73338107286644
1.20462452117569
1.13566564914569
1.64903466061178
1.36632769385647
1.99844562355357
1.35207921189819
1.8777198749025
1.31373349778062
1.40789657524223
