-18541.95640432300206
-18564.75881714268689
-18349.74374761537183
-18660.44721994764404
-18532.75476471511502
-17992.81528362295285
-18624.87206546111338
-18099.18734719875283
-17745.21354043746760
-18867.46251507010675
-17972.54377134420065
-18345.03680682660342
-17984.63247647597382
-18834.36363201286076
-18213.89482448725903
-18235.05765021838670
-17929.07401699498223
-18652.40779613091945
-18996.17291079616189
-18156.74541117951230
-18331.32033673340266
-18068.63373507699362
-18665.03311141827726
-18917.66880131606013
-18282.23205584781317
-17813.83123974927003
-18518.82741456469012
-18603.74781292178523
-17652.81704222014378
-17344.09057751494402
-18473.09972139718593
-18066.60939969217725
-18759.75655863718202
-16972.58534315420184
-18396.97635487848675
-17894.16122433625424
-17905.53008649280673
-18314.13577719513341
-17857.49482007161350
-17493.97584237328192
-17974.20437171531012
-19213.72304280574826
-18550.98345907658222
-18498.33616520677606
-18269.00358820010661
-17647.25201931025003
-18312.41770726485993
-18086.26351219980643
-18640.68576065437446
-19126.81245799294265
-19558.89547592702002
-17828.27773812323721
