-0.00718124344410019
-0.00530339083024841
-0.00522776076440463
-0.0119028452384947
-0.0156863285760848
0.0150708083938613
-0.00259456127338604
0.00708043522653218
0.0146864801481958
-0.0144084442228965
-0.0251980094521966
0.000832422485914682
0.00740339685183009
-0.00873251560718116
-0.00821607694076085
-0.00390181529303904
-0.000391268056902146
0.0107039555333518
-0.00507424852214726
0.00508276085165887
0.0203953395079267
0.00227274808008283
0.00131001121904762
-0.00892610464868453
-0.00424580079108266
-0.0203596752372524
0.0128143348249833
0.0222589622565803
0.0254501313357936
0.0187600664841762
-0.0105571827630985
-0.0110285439068288
-0.0113095109709505
0.0265068048336279
0.0113133041714348
-0.0164996388241176
0.0163330405766644
0.00995215575035167
-0.0108088400445776
0.010158485079404
-0.00819603450408674
0.015452190262556
-0.00156956286528621
0.025651903616892
0.0153162537700621
-0.0140827981999018
-0.00108443802324752
0.00530107213908827
-0.0300927735098361
-0.0147482400222778
-0.0196575432484807
0.00266517185824945
