-1.88998936790502
0.45084103673766
-0.09096683581119
-0.29947675683642
-0.16072997684310
0.42862404155494
-0.01568298478886
-0.39433771810136
0.18513569401333
-0.32424877864518
-0.51999247262111
-0.07379192557985
-0.05379748936459
-0.06598240325258
-0.23811413517043
-0.26994946796892
0.12189066863898
0.29190567554724
0.22703796884843
0.38481671581624
0.44388795597484
0.34492886965944
-0.06808015474259
0.05231966563311
-0.24966787822802
-0.26516715223267
0.09950405866964
0.65744504606346
0.15082764099939
0.10630708804152
0.23320196551658
-0.14954117788573
-0.38845270039161
0.17162071108753
0.15484250809457
-0.53972815252350
0.38030859594466
0.15559640264623
-0.34444511125588
0.09244263581601
-0.04198868037608
0.09624193665332
-0.29131141324693
0.37448458912227
0.20606619237370
-0.10021236625762
-0.00286840366371
0.10269651064828
-0.42581656299158
-0.19413792641860
-0.27882404196993
0.04817282326527
