-0.00718124344055
-0.00530339087075
-0.00522776076633
-0.01190284528182
-0.01568632858161
0.01507080839057
-0.00259456122646
0.00708043525290
0.01468648016127
-0.01440844426118
-0.02519800942488
0.00083242247754
0.00740339684219
-0.00873251563151
-0.00821607693164
-0.00390181526166
-0.00039126806297
0.01070395557145
-0.00507424852826
0.00508276085750
0.02039533948948
0.00227274804517
0.00131001122860
-0.00892610462456
-0.00424580078974
-0.02035967523408
0.01281433478165
0.02225896224198
0.02545013136783
0.01876006649404
-0.01055718278127
-0.01102854387680
-0.01130951101507
0.02650680488141
0.01131330416106
-0.01649963881953
0.01633304058382
0.00995215573582
-0.01080884000959
0.01015848506382
-0.00819603455060
0.01545219028502
-0.00156956287561
0.02565190363197
0.01531625378739
-0.01408279817215
-0.00108443799209
0.00530107211574
-0.03009277350356
-0.01474824002823
-0.01965754326721
0.00266517184786
