-0.52062650250895
0.26641534340826
-3.31612714909528
0.36421548057240
2.40309310995241
-1.28381314750294
0.16135223732039
2.99983167699187
-0.60143330644246
-3.00347014195148
0.33556149502181
1.50290948698398
0.44284577687739
4.31974562918015
-1.58164816330049
0.80645042838958
-0.74206525536948
0.20689780235790
0.18049176775247
-4.36532408860296
-0.06316070865500
-1.01390347129859
-3.61763030988885
2.67803911617784
2.63045249919080
3.48514510853391
0.22319277893018
1.95852272982268
-1.97687479871348
1.71285576315304
-0.61850498808855
0.01508693336336
-1.07522179207848
3.00452024398021
1.09695800780364
0.89743133200653
1.61618035369705
0.08379496442097
0.94663969597579
1.44639154640171
-0.04795055773965
-1.39457569124022
-2.04680038202059
4.31596423989288
1.97906845591643
-1.68167818094679
-2.49086508818783
0.35258794977187
-1.12737204465498
-4.64370221519050
-3.56003030677721
-0.62663660100515
