1.22555455249993
1.04315679662077
1.11518376419096
1.78718426394611
1.22024969440897
1.40039032204095
1.70089318682481
1.275062466634
1.99933037813722
1.02249868448009
1.50552892149684
1.04864506239474
1.24850963440189
1.96966417598057
1.83361197860614
1.10865636733764
1.61084411647676
1.09460370340133
1.9290124829528
1.94691276268424
1.5128488356773
1.48246701084192
1.10376838366677
1.82822085070807
1.36719950957559
1.23751390829567
1.45447176064107
1.04452705338808
1.55047341089252
1.68686335379577
1.87294988281697
1.77602796339245
1.73002015041654
1.98813364700793
1.5632122268729
1.95026984482551
1.38852396904888
1.26410541323205
1.22533231099384
1.38785434672043
1.28660409771213
1.73086123295634
1.43649940958084
1.53511373211402
1.70052540847125
1.27011138772131
1.64377009991732
1.31136952494801
1.36471509112265
1.57278258240446
1.25828228716659
1.87756392679995
