1.17565368217214
1.45037462909258
1.90440545226652
1.2336687996209
1.73565223148821
1.63413578347961
1.17704468647812
1.47602480904945
1.96020938221375
1.69488870524563
1.15725340701512
1.73309841320529
1.82078697617202
1.89712688322045
1.33127797084454
1.97688990318072
1.3108788953679
1.79259504507882
1.17921397750229
1.60614068275603
1.15109528561639
1.9125950508344
1.81076520393173
1.28676093476208
1.56162971098052
1.1770928977882
1.28520655784998
1.91370892334436
1.05481277222504
1.59894005609627
1.32160549812094
1.23046645486283
1.04931468472318
1.2260109499218
1.46413525448373
1.7849669162114
1.86014673340141
1.64117994096185
1.26099172479519
1.8203561151495
1.33606864574182
1.41824513227597
1.55345452835479
1.15685562144819
1.31537201503076
1.88473249919933
1.1337455246289
1.62625091039867
1.67732754381249
1.31295950213119
1.23239159268904
1.82842282942888
